0.05	0.14	0.011049	0.017794	0	0.0016797	2.3487	0.14938	56.199	2	-4.0085	-3.2155
0.05	0.16	0.011143	0.017794	0	0.0018599	2.2902	0.14659	56.199	2	-4.2787	-3.444
0.05	0.18	0.011262	0.017794	0	0.0020272	2.2294	0.1438	56.199	2	-6.2419	-4.0095
0.05	0.2	0.011393	0.017794	0	0.0021826	2.1729	0.1412	56.199	2	-4.2524	-3.0152
0.05	0.22	0.01149	0.017794	0	0.0023254	2.1144	0.13855	56.199	2	-4.9918	-3.1748
0.05	0.24	0.011631	0.017794	0	0.0024576	2.0572	0.13609	56.199	2	-5.6345	-4.0196
0.05	0.26	0.011777	0.017794	0	0.0025777	2.0001	0.13364	56.199	2	-6.2561	-3.0691
0.05	0.28	0.01189	0.017794	0	0.0026865	1.9453	0.13126	56.199	2	-4.6914	-3.293
0.05	0.3	0.012043	0.017794	0	0.0027854	1.8895	0.1289	56.199	2	-4.4509	-3.7594
0.05	0.32	0.012197	0.017794	0	0.0028731	1.8346	0.12658	56.199	2	-4.2429	-3.8258
0.05	0.34	0.012342	0.017794	0	0.0029519	1.7819	0.12426	56.199	2	-4.4919	-3.4343
0.05	0.36	0.012519	0.017794	0	0.0030193	1.725	0.12194	56.199	2	-3.134	-3.0065
0.05	0.38	0.012665	0.017794	0	0.0030793	1.6727	0.11974	56.199	2	-6.2063	-3.4225
0.05	0.4	0.012835	0.017794	0	0.0031305	1.618	0.11765	56.199	2	-5.2586	-3.2232
0.05	0.42	0.013009	0.017794	0	0.0031745	1.5666	0.11579	56.199	2	-5.6251	-3.2126
0.05	0.44	0.013199	0.017794	0	0.0032074	1.5152	0.11382	56.199	2	-5.4787	-3.2315
0.05	0.46	0.013386	0.017794	0	0.00323	1.4642	0.11193	56.199	2	-5.3466	-3.2278
0.05	0.48	0.013578	0.017794	0	0.0032388	1.4138	0.10968	56.199	2	-5.8182	-3.227
0.05	0.5	0.013789	0.017794	0	0.0032414	1.3638	0.1077	56.199	2	-4.1902	-3.4391
0.05	0.52	0.013995	0.017794	0.0048893	0.0032358	1.3137	0.106	56.199	2	-6.3612	-3.4338
0.05	0.54	0.014195	0.017794	0.0071065	0.003213	1.2651	0.1037	56.199	2	-3.0042	-4.1
0.05	0.56	0.0144	0.017794	0.0087082	0.0031884	1.2179	0.10169	56.199	2	-12.001	-4.6773
0.05	0.58	0.014634	0.017794	0.0099948	0.0031527	1.1688	0.099841	56.199	2	-5.632	-3.2523
0.05	0.6	0.014837	0.017794	0.011077	0.0031048	1.1224	0.097523	56.199	2	-5.8583	-3.6032
0.05	0.62	0.015055	0.017794	0.012009	0.0030514	1.0761	0.095548	56.199	2	-5.5118	-4.1122
0.05	0.64	0.015274	0.017794	0.012825	0.0029856	1.0304	0.093333	56.199	2	-5.4544	-4.5529
0.05	0.66	0.015491	0.017794	0.013546	0.0029053	0.9856	0.090764	56.199	2	-5.9084	-3.8658
0.05	0.68	0.015697	0.017794	0.014185	0.0028229	0.94168	0.088402	56.199	2	-5.3196	-3.2007
0.05	0.7	0.015928	0.017794	0.014754	0.0027307	0.89816	0.086141	56.199	2	-4.3809	-3.8772
0.05	0.72	0.016131	0.017794	0.01526	0.0026262	0.85711	0.083776	56.199	2	-3.4108	-3.3262
0.05	0.74	0.016353	0.017794	0.01571	0.0025118	0.81339	0.08077	56.199	2	-5.5014	-3.428
0.05	0.76	0.016539	0.017794	0.016108	0.0023848	0.77149	0.077935	56.199	2	-5.3636	-3.3766
0.05	0.78	0.016743	0.017794	0.016458	0.0022518	0.73043	0.075032	56.199	2	-3.9416	-3.6338
0.05	0.8	0.016925	0.017794	0.016763	0.0021065	0.69001	0.071908	56.199	2	-3.5437	-3.453
