1	0.14	0.015275	0.015915	0.014552	0.0014506	1.508	0.14375	62.832	10	-5.4491	-4.1923
1	0.16	0.015291	0.015915	0.014621	0.0016063	1.484	0.14158	62.832	10	-4.6742	-4.5034
1	0.18	0.015305	0.015915	0.014689	0.001749	1.4578	0.13925	62.832	10	-5.2268	-3.7112
1	0.2	0.015335	0.015915	0.014754	0.0018785	1.4296	0.13666	62.832	10	-5.5661	-3.5986
1	0.22	0.015338	0.015915	0.014817	0.0020073	1.4089	0.13465	62.832	10	-6.2861	-3.6838
1	0.24	0.01535	0.015915	0.014879	0.0021195	1.3851	0.13246	62.832	10	-5.3411	-4.2777
1	0.26	0.015366	0.015915	0.014938	0.0022243	1.3617	0.13033	62.832	10	-5.8184	-3.3562
1	0.28	0.015382	0.015915	0.014996	0.0023197	1.3384	0.12822	62.832	10	-5.8183	-3.2275
1	0.3	0.015404	0.015915	0.015052	0.0024089	1.3167	0.12626	62.832	10	-4.4138	-3.379
1	0.32	0.015424	0.015915	0.015105	0.0024888	1.2941	0.12434	62.832	10	-4.6842	-3.6767
1	0.34	0.015446	0.015915	0.015157	0.0025603	1.2721	0.12228	62.832	10	-3.7487	-4.1875
1	0.36	0.015465	0.015915	0.015207	0.0026265	1.2492	0.12034	62.832	10	-5.4461	-4.3644
1	0.38	0.015494	0.015915	0.015255	0.0026877	1.2272	0.11841	62.832	10	-5.6107	-3.7232
1	0.4	0.015501	0.015915	0.015302	0.0027323	1.2049	0.11641	62.832	10	-5.5677	-3.5483
1	0.42	0.01554	0.015915	0.015346	0.0027868	1.1846	0.11473	62.832	10	-6.442	-4.5665
1	0.44	0.015554	0.015915	0.015389	0.0028203	1.1631	0.11286	62.832	10	-4.6212	-3.3952
1	0.46	0.015581	0.015915	0.01543	0.0028506	1.1417	0.11102	62.832	10	-6.1058	-3.2366
1	0.48	0.015609	0.015915	0.01547	0.002873	1.1201	0.10931	62.832	10	-4.7156	-3.5997
1	0.5	0.015629	0.015915	0.015507	0.0028883	1.0986	0.10723	62.832	10	-4.7706	-3.7254
1	0.52	0.015648	0.015915	0.015543	0.0028926	1.0763	0.10523	62.832	10	-4.5195	-4.1546
1	0.54	0.015672	0.015915	0.015577	0.0028865	1.0526	0.10315	62.832	10	-6.4353	-4.4618
1	0.56	0.015694	0.015915	0.01561	0.0028812	1.0318	0.10131	62.832	10	-4.6872	-3.5443
1	0.58	0.015717	0.015915	0.015641	0.0028603	1.0079	0.099151	62.832	10	-5.4049	-3.5961
1	0.6	0.015733	0.015915	0.01567	0.0028355	0.9856	0.097053	62.832	10	-5.583	-4.1549
1	0.62	0.015747	0.015915	0.015697	0.0028014	0.96246	0.094968	62.832	10	-4.8677	-3.3495
1	0.64	0.015766	0.015915	0.015723	0.0027571	0.93843	0.092725	62.832	10	-6.2244	-3.2211
1	0.66	0.015786	0.015915	0.015747	0.0027049	0.91412	0.090464	62.832	10	-6.4452	-3.3803
1	0.68	0.015798	0.015915	0.01577	0.0026453	0.89031	0.088215	62.832	10	-5.0012	-3.5686
1	0.7	0.015814	0.015915	0.015791	0.0025741	0.86434	0.085767	62.832	10	-5.2755	-3.7965
1	0.72	0.015828	0.015915	0.01581	0.0024923	0.83797	0.083353	62.832	10	-4.8367	-3.8709
1	0.74	0.015838	0.015915	0.015828	0.002402	0.81035	0.080497	62.832	10	-5.726	-4.1117
1	0.76	0.015852	0.015915	0.015844	0.002295	0.78086	0.077676	62.832	10	-5.3095	-4.6048
1	0.78	0.015865	0.015915	0.015858	0.0021806	0.75066	0.074781	62.832	10	-5.0586	-4.1446
1	0.8	0.015878	0.015915	0.015871	0.0020614	0.72015	0.071912	62.832	10	-4.4407	-3.6645
