10	0.14	0.025058	0.025165	0.024957	0.0014364	0.91045	0.14326	39.738	20	-4.1818	-2.969
10	0.16	0.025061	0.025165	0.024968	0.0015898	0.89586	0.14097	39.738	20	-5.7808	-2.9773
10	0.18	0.025064	0.025165	0.024977	0.0017321	0.88146	0.13873	39.738	20	-4.5334	-2.9901
10	0.2	0.025067	0.025165	0.024987	0.0018638	0.86736	0.13651	39.738	20	-4.8778	-3.0041
10	0.22	0.025071	0.025165	0.024996	0.0019855	0.85346	0.13433	39.738	20	-5.4533	-3.0197
10	0.24	0.025074	0.025165	0.025006	0.0020965	0.83966	0.13216	39.738	20	-4.7767	-3.0377
10	0.26	0.025078	0.025165	0.025014	0.0021986	0.8261	0.13003	39.738	20	-5.949	-3.0651
10	0.28	0.025083	0.025165	0.025023	0.0022927	0.81255	0.12795	39.738	20	-5.6491	-3.1038
10	0.3	0.025088	0.025165	0.025031	0.0023792	0.79985	0.12594	39.738	20	-5.1219	-3.1436
10	0.32	0.025093	0.025165	0.025039	0.0024578	0.7868	0.12393	39.738	20	-4.9907	-3.1821
10	0.34	0.025097	0.025165	0.025047	0.0025307	0.77439	0.12199	39.738	20	-5.0267	-3.2196
10	0.36	0.025102	0.025165	0.025055	0.0025965	0.76229	0.12012	39.738	20	-6.7181	-3.2591
10	0.38	0.025106	0.025165	0.025062	0.0026574	0.75057	0.1183	39.738	20	-5.3903	-3.3035
10	0.4	0.025111	0.025165	0.025069	0.0027114	0.73888	0.11648	39.738	20	-4.7776	-3.3475
10	0.42	0.025116	0.025165	0.025076	0.0027579	0.72716	0.11465	39.738	20	-4.5114	-3.3903
10	0.44	0.025122	0.025165	0.025083	0.0027979	0.71499	0.11275	39.738	20	-6.1268	-3.4543
10	0.46	0.025126	0.025165	0.025089	0.0028297	0.70311	0.1109	39.738	20	-5.4277	-3.4969
10	0.48	0.02513	0.025165	0.025095	0.002854	0.69114	0.10903	39.738	20	-5.202	-3.5385
10	0.5	0.025134	0.025165	0.025101	0.0028705	0.67902	0.10714	39.738	20	-5.4275	-3.5776
10	0.52	0.025138	0.025165	0.025106	0.0028795	0.66676	0.10523	39.738	20	-5.3556	-3.6158
10	0.54	0.025141	0.025165	0.025112	0.0028818	0.65523	0.10345	39.738	20	-4.0375	-3.6527
10	0.56	0.025143	0.025165	0.025117	0.0028711	0.64163	0.10132	39.738	20	-4.0326	-3.6717
10	0.58	0.025146	0.025165	0.025122	0.0028551	0.62903	0.099361	39.738	20	-4.6435	-3.7067
10	0.6	0.025149	0.025165	0.025126	0.0028306	0.61572	0.09727	39.738	20	-4.0324	-3.7335
10	0.62	0.02515	0.025165	0.02513	0.0027945	0.6011	0.094942	39.738	20	-5.3479	-3.7518
10	0.64	0.025153	0.025165	0.025134	0.0027526	0.58711	0.092745	39.738	20	-5.649	-3.7778
10	0.66	0.025155	0.025165	0.025138	0.0027016	0.5727	0.09048	39.738	20	-8.5754	-3.8024
10	0.68	0.025157	0.025165	0.025142	0.0026413	0.55781	0.088139	39.738	20	-5.0115	-3.8255
10	0.7	0.025159	0.025165	0.025145	0.0025711	0.54238	0.085711	39.738	20	-5.0455	-3.847
10	0.72	0.025161	0.025165	0.025148	0.0024908	0.52633	0.083183	39.738	20	-5.5145	-3.867
10	0.74	0.025163	0.025165	0.025151	0.0023999	0.50955	0.08054	39.738	20	-6.0268	-3.8855
10	0.76	0.025165	0.025165	0.025153	0.002301	0.49252	0.077856	39.738	20	-5.0794	-3.9104
10	0.78	0.025166	0.025165	0.025156	0.0021867	0.47381	0.074906	39.738	20	-5.9746	-3.9249
10	0.8	0.025167	0.025165	0.025158	0.0020589	0.45395	0.071769	39.738	20	-4.8839	-3.937
