100	0.14	0.012237	0.012243	0.012233	0.0014325	1.861	0.14311	81.681	130	-4.6207	-3.6174
100	0.16	0.012237	0.012243	0.012233	0.0015853	1.8312	0.14082	81.681	130	-4.5393	-3.6144
100	0.18	0.012238	0.012243	0.012234	0.0017273	1.8022	0.13858	81.681	130	-4.3131	-3.6112
100	0.2	0.012238	0.012243	0.012234	0.0018588	1.7737	0.13638	81.681	130	-4.4326	-3.6062
100	0.22	0.012238	0.012243	0.012235	0.0019796	1.7452	0.13419	81.681	130	-4.5475	-3.5977
100	0.24	0.012238	0.012243	0.012235	0.0020905	1.7167	0.13202	81.681	130	-4.7176	-3.5895
100	0.26	0.012238	0.012243	0.012235	0.002194	1.6898	0.12996	81.681	130	-4.6776	-3.5805
100	0.28	0.012239	0.012243	0.012236	0.0022885	1.6628	0.12791	81.681	130	-4.9457	-3.5732
100	0.3	0.012239	0.012243	0.012236	0.0023758	1.6367	0.1259	81.681	130	-4.6794	-3.5674
100	0.32	0.012239	0.012243	0.012237	0.0024558	1.6112	0.12393	81.681	130	-5.2978	-3.5628
100	0.34	0.012239	0.012243	0.012237	0.0025296	1.5863	0.12201	81.681	130	-4.6576	-3.5579
100	0.36	0.012239	0.012243	0.012237	0.002596	1.5617	0.12012	81.681	130	-4.6448	-3.5531
100	0.38	0.01224	0.012243	0.012238	0.0026556	1.5375	0.11826	81.681	130	-4.4712	-3.5478
100	0.4	0.01224	0.012243	0.012238	0.0027097	1.5137	0.11644	81.681	130	-4.5872	-3.543
100	0.42	0.01224	0.012243	0.012238	0.0027563	1.4899	0.1146	81.681	130	-4.5982	-3.5381
100	0.44	0.01224	0.012243	0.012239	0.0027953	1.4659	0.11276	81.681	130	-4.4283	-3.5333
100	0.46	0.01224	0.012243	0.012239	0.0028267	1.4416	0.11089	81.681	130	-4.3698	-3.5288
100	0.48	0.01224	0.012243	0.012239	0.0028506	1.4173	0.10902	81.681	130	-4.496	-3.5246
100	0.5	0.01224	0.012243	0.01224	0.0028666	1.3925	0.10712	81.681	130	-4.2206	-3.5197
100	0.52	0.012241	0.012243	0.01224	0.0028747	1.3674	0.10518	81.681	130	-4.2334	-3.5159
100	0.54	0.012241	0.012243	0.01224	0.0028749	1.3419	0.10322	81.681	130	-4.0111	-3.512
100	0.56	0.012241	0.012243	0.01224	0.002867	1.3159	0.10122	81.681	130	-3.9155	-3.5082
100	0.58	0.012241	0.012243	0.012241	0.0028509	1.2893	0.099176	81.681	130	-3.8245	-3.5048
100	0.6	0.012241	0.012243	0.012241	0.0028263	1.2621	0.097087	81.681	130	-3.7573	-3.5019
100	0.62	0.012241	0.012243	0.012241	0.002793	1.2343	0.094945	81.681	130	-3.6218	-3.4986
100	0.64	0.012241	0.012243	0.012241	0.002751	1.2056	0.092741	81.681	130	-3.5435	-3.496
100	0.66	0.012241	0.012243	0.012241	0.0026997	1.1761	0.09047	81.681	130	-3.4634	-3.4934
100	0.68	0.012241	0.012243	0.012242	0.002639	1.1456	0.088122	81.681	130	-3.4085	-3.491
100	0.7	0.012242	0.012243	0.012242	0.0025685	1.1139	0.085684	81.681	130	-3.3592	-3.4895
100	0.72	0.012242	0.012243	0.012242	0.0024878	1.0809	0.083147	81.681	130	-3.3381	-3.4876
100	0.74	0.012242	0.012243	0.012242	0.0023963	1.0464	0.080494	81.681	130	-3.4283	-3.4862
100	0.76	0.012242	0.012243	0.012242	0.0022936	1.0102	0.077707	81.681	130	-3.9262	-3.4853
100	0.78	0.012242	0.012243	0.012242	0.0021789	0.97189	0.074762	81.681	130	-3.2872	-3.4848
100	0.8	0.012242	0.012243	0.012242	0.0020515	0.93117	0.071629	81.681	130	-2.7429	-3.4866
