1000	0.14	0.012585	0.012582	0.012581	0.0014244	1.8049	0.14269	79.477	400	-1.6186	-3.9657
1000	0.16	0.012585	0.012582	0.012581	0.001578	1.777	0.14048	79.477	400	-1.6272	-3.9686
1000	0.18	0.012585	0.012582	0.012581	0.0017214	1.7499	0.13834	79.477	400	-1.6247	-3.9683
1000	0.2	0.012585	0.012582	0.012581	0.0018547	1.7232	0.13622	79.477	400	-1.6192	-3.9647
1000	0.22	0.012585	0.012582	0.012581	0.0019765	1.6961	0.13408	79.477	400	-1.6199	-3.9608
1000	0.24	0.012585	0.012582	0.012582	0.0020875	1.6689	0.13193	79.477	400	-1.6299	-3.9615
1000	0.26	0.012585	0.012582	0.012582	0.0021886	1.6418	0.12979	79.477	400	-1.6463	-3.9635
1000	0.28	0.012585	0.012582	0.012582	0.0022816	1.6153	0.1277	79.477	400	-1.6629	-3.965
1000	0.3	0.012585	0.012582	0.012582	0.0023655	1.5889	0.12562	79.477	400	-1.6913	-3.9727
1000	0.32	0.012585	0.012582	0.012582	0.0024456	1.5642	0.12367	79.477	400	-1.6998	-3.9764
1000	0.34	0.012585	0.012582	0.012582	0.0025187	1.5401	0.12176	79.477	400	-1.7024	-3.9758
1000	0.36	0.012585	0.012582	0.012582	0.0025836	1.5158	0.11984	79.477	400	-1.7159	-3.9711
1000	0.38	0.012585	0.012582	0.012582	0.002645	1.4928	0.11802	79.477	400	-1.7058	-3.9707
1000	0.4	0.012585	0.012582	0.012582	0.0026989	1.4698	0.1162	79.477	400	-1.693	-3.9709
1000	0.42	0.012585	0.012582	0.012582	0.0027454	1.4467	0.11437	79.477	400	-1.6792	-3.9712
1000	0.44	0.012585	0.012582	0.012582	0.0027842	1.4234	0.11253	79.477	400	-1.6652	-3.9714
1000	0.46	0.012585	0.012582	0.012582	0.0028154	1.3999	0.11068	79.477	400	-1.6509	-3.9717
1000	0.48	0.012585	0.012582	0.012582	0.0028389	1.3762	0.1088	79.477	400	-1.637	-3.9719
1000	0.5	0.012585	0.012582	0.012582	0.0028547	1.3522	0.1069	79.477	400	-1.6237	-3.9722
1000	0.52	0.012585	0.012582	0.012582	0.0028626	1.3278	0.10497	79.477	400	-1.6115	-3.9725
1000	0.54	0.012585	0.012582	0.012582	0.0028625	1.303	0.10302	79.477	400	-1.601	-3.9728
1000	0.56	0.012585	0.012582	0.012582	0.0028542	1.2778	0.10102	79.477	400	-1.5931	-3.9731
1000	0.58	0.012585	0.012582	0.012582	0.0028377	1.252	0.098979	79.477	400	-1.5887	-3.9735
1000	0.6	0.012585	0.012582	0.012582	0.0028126	1.2256	0.096892	79.477	400	-1.589	-3.9738
1000	0.62	0.012585	0.012582	0.012582	0.002779	1.1985	0.094751	79.477	400	-1.5959	-3.9742
1000	0.64	0.012585	0.012582	0.012582	0.0027365	1.1706	0.092548	79.477	400	-1.6122	-3.9746
1000	0.66	0.012585	0.012582	0.012582	0.0026849	1.1419	0.090276	79.477	400	-1.6421	-3.9749
1000	0.68	0.012585	0.012582	0.012582	0.002624	1.1122	0.087926	79.477	400	-1.6937	-3.9753
1000	0.7	0.012585	0.012582	0.012582	0.0025537	1.0813	0.085488	79.477	400	-1.7824	-3.9757
1000	0.72	0.012585	0.012582	0.012582	0.0024737	1.0492	0.082949	79.477	400	-1.9498	-3.9761
1000	0.74	0.012585	0.012582	0.012582	0.002384	1.0157	0.080297	79.477	400	-2.3993	-3.9764
1000	0.76	0.012585	0.012582	0.012582	0.0022844	0.98165	0.077609	79.477	400	-2.2395	-3.9767
1000	0.78	0.012585	0.012582	0.012582	0.0021752	0.94742	0.074905	79.477	400	-1.7288	-3.977
1000	0.8	0.012585	0.012582	0.012582	0.0020567	0.91226	0.07213	79.477	400	-1.4491	-3.9772
