5	0.14	0.017645	0.017794	0.0175	0.0014375	1.2953	0.14352	56.199	20	-3.3802	-3.7164
5	0.16	0.017648	0.017794	0.017514	0.0015902	1.2735	0.14116	56.199	20	-3.2739	-3.7783
5	0.18	0.017649	0.017794	0.017528	0.0017329	1.2522	0.13878	56.199	20	-5.5713	-3.5674
5	0.2	0.017657	0.017794	0.017542	0.0018628	1.2325	0.13656	56.199	20	-5.1842	-3.431
5	0.22	0.017658	0.017794	0.017555	0.0019856	1.2129	0.13447	56.199	20	-3.7369	-3.4865
5	0.24	0.017657	0.017794	0.017568	0.0020957	1.1917	0.13216	56.199	20	-3.1511	-3.3054
5	0.26	0.017666	0.017794	0.017581	0.0022014	1.174	0.13021	56.199	20	-3.5784	-3.2794
5	0.28	0.017671	0.017794	0.017593	0.0022945	1.1549	0.12817	56.199	20	-3.6433	-3.2596
5	0.3	0.017679	0.017794	0.017605	0.0023825	1.1364	0.12613	56.199	20	-5.3559	-3.3499
5	0.32	0.017683	0.017794	0.017617	0.0024616	1.118	0.12408	56.199	20	-5.463	-3.3731
5	0.34	0.017686	0.017794	0.017628	0.0025317	1.0999	0.12216	56.199	20	-3.8762	-3.3045
5	0.36	0.017697	0.017794	0.017639	0.0026008	1.082	0.12021	56.199	20	-5.3753	-3.5245
5	0.38	0.017696	0.017794	0.017649	0.002655	1.0642	0.11824	56.199	20	-5.676	-3.5168
5	0.4	0.017707	0.017794	0.017659	0.0027104	1.0477	0.11648	56.199	20	-4.2862	-3.629
5	0.42	0.017714	0.017794	0.017669	0.00275	1.0293	0.11443	56.199	20	-5.8043	-3.7577
5	0.44	0.017719	0.017794	0.017678	0.0027988	1.014	0.11282	56.199	20	-4.5676	-3.8109
5	0.46	0.017725	0.017794	0.017687	0.0028227	0.99689	0.11096	56.199	20	-4.2856	-3.9442
5	0.48	0.017724	0.017794	0.017696	0.002853	0.97976	0.1091	56.199	20	-6.4894	-3.867
5	0.5	0.017732	0.017794	0.017704	0.0028703	0.9626	0.10731	56.199	20	-4.0804	-3.9306
5	0.52	0.017738	0.017794	0.017712	0.0028773	0.94512	0.1054	56.199	20	-3.8767	-3.953
5	0.54	0.017742	0.017794	0.017719	0.0028765	0.92638	0.10326	56.199	20	-5.7715	-4.0127
5	0.56	0.017749	0.017794	0.017726	0.0028731	0.90902	0.10145	56.199	20	-4.9845	-4.0849
5	0.58	0.017752	0.017794	0.017733	0.0028589	0.89077	0.099434	56.199	20	-5.3068	-4.1231
5	0.6	0.017754	0.017794	0.017739	0.0028364	0.87228	0.097342	56.199	20	-5.1621	-4.1435
5	0.62	0.017758	0.017794	0.017746	0.0028078	0.85339	0.095301	56.199	20	-4.7308	-4.2436
5	0.64	0.017762	0.017794	0.017751	0.0027665	0.83334	0.093027	56.199	20	-5.9749	-4.3871
5	0.66	0.017768	0.017794	0.017757	0.0027203	0.81341	0.090897	56.199	20	-4.5424	-4.8332
5	0.68	0.017771	0.017794	0.017762	0.0026654	0.79295	0.088627	56.199	20	-3.2192	-4.4268
5	0.7	0.017774	0.017794	0.017766	0.0025984	0.77144	0.086235	56.199	20	-5.5801	-4.5666
5	0.72	0.017778	0.017794	0.017771	0.0025209	0.74908	0.083746	56.199	20	-3.1747	-4.0812
5	0.74	0.017781	0.017794	0.017774	0.0024328	0.72577	0.081147	56.199	20	-5.9734	-4.1157
5	0.76	0.017784	0.017794	0.017778	0.0023338	0.70134	0.078422	56.199	20	-5.7982	-3.9886
5	0.78	0.017786	0.017794	0.017781	0.0022232	0.67562	0.075549	56.199	20	-5.9465	-3.8898
5	0.8	0.017788	0.017794	0.017784	0.0021003	0.64837	0.072503	56.199	20	-6.1887	-3.8223
