500	0.14	0.01618	0.016176	0.016174	0.0014261	1.4046	0.14275	61.818	220	-2.4984	-3.5825
500	0.16	0.01618	0.016176	0.016174	0.0015799	1.3829	0.14054	61.818	220	-2.5225	-3.5835
500	0.18	0.01618	0.016176	0.016174	0.0017236	1.3618	0.1384	61.818	220	-2.5288	-3.5837
500	0.2	0.01618	0.016176	0.016174	0.001857	1.341	0.13628	61.818	220	-2.5161	-3.5837
500	0.22	0.01618	0.016176	0.016174	0.0019784	1.3197	0.13412	61.818	220	-2.5109	-3.5841
500	0.24	0.01618	0.016176	0.016174	0.002089	1.2984	0.13196	61.818	220	-2.5488	-3.5858
500	0.26	0.01618	0.016176	0.016174	0.0021905	1.2775	0.12984	61.818	220	-2.5994	-3.5905
500	0.28	0.016181	0.016176	0.016175	0.0022845	1.2571	0.12778	61.818	220	-2.628	-3.593
500	0.3	0.016181	0.016176	0.016175	0.0023706	1.2372	0.12575	61.818	220	-2.6844	-3.5946
500	0.32	0.016181	0.016176	0.016175	0.0024506	1.2178	0.12379	61.818	220	-2.7199	-3.5947
500	0.34	0.016181	0.016176	0.016175	0.0025236	1.1989	0.12186	61.818	220	-2.7553	-3.595
500	0.36	0.016181	0.016176	0.016175	0.0025893	1.1803	0.11997	61.818	220	-2.7898	-3.5954
500	0.38	0.016181	0.016176	0.016175	0.0026491	1.162	0.11811	61.818	220	-2.841	-3.5955
500	0.4	0.016181	0.016176	0.016175	0.0027033	1.1441	0.11629	61.818	220	-2.8485	-3.5955
500	0.42	0.016181	0.016176	0.016175	0.0027498	1.1261	0.11446	61.818	220	-2.8644	-3.5954
500	0.44	0.016181	0.016176	0.016175	0.0027887	1.108	0.11261	61.818	220	-2.882	-3.5961
500	0.46	0.016181	0.016176	0.016175	0.00282	1.0897	0.11076	61.818	220	-2.9211	-3.596
500	0.48	0.016181	0.016176	0.016176	0.0028437	1.0712	0.10888	61.818	220	-2.9637	-3.5969
500	0.5	0.016181	0.016176	0.016176	0.0028595	1.0525	0.10697	61.818	220	-3.0434	-3.5956
500	0.52	0.016181	0.016176	0.016176	0.0028669	1.0333	0.10502	61.818	220	-3.1877	-3.595
500	0.54	0.016181	0.016176	0.016176	0.0028674	1.014	0.10307	61.818	220	-3.5024	-3.5955
500	0.56	0.016181	0.016176	0.016176	0.0028597	0.99443	0.10107	61.818	220	-3.8092	-3.596
500	0.58	0.016181	0.016176	0.016176	0.0028436	0.97441	0.099039	61.818	220	-3.1014	-3.5964
500	0.6	0.016181	0.016176	0.016176	0.0028192	0.95393	0.096958	61.818	220	-2.7818	-3.5968
500	0.62	0.016181	0.016176	0.016176	0.0027861	0.93294	0.094825	61.818	220	-2.5501	-3.5972
500	0.64	0.016181	0.016176	0.016176	0.0027442	0.91138	0.092634	61.818	220	-2.3599	-3.5975
500	0.66	0.016181	0.016176	0.016176	0.0026932	0.8892	0.09038	61.818	220	-2.1905	-3.5979
500	0.68	0.016181	0.016176	0.016176	0.0026328	0.86632	0.088055	61.818	220	-2.0351	-3.5982
500	0.7	0.016181	0.016176	0.016176	0.0025628	0.84267	0.085652	61.818	220	-1.8887	-3.5984
500	0.72	0.016181	0.016176	0.016176	0.0024829	0.81819	0.083165	61.818	220	-1.7483	-3.5987
500	0.74	0.016181	0.016176	0.016176	0.0023927	0.79281	0.080587	61.818	220	-1.6124	-3.5989
500	0.76	0.016181	0.016176	0.016176	0.0022919	0.76645	0.077909	61.818	220	-1.4795	-3.5991
500	0.78	0.016181	0.016176	0.016176	0.0021804	0.73907	0.075128	61.818	220	-1.349	-3.5992
500	0.8	0.016181	0.016176	0.016176	0.0020581	0.71061	0.072239	61.818	220	-1.2202	-3.5993
