#phi_1,phi_2,freq_measured,freq_theo,freq_eq_8,power,displacement_amp,velocity_amp,U_star,m_star,err_power,err_freq
10	0.14	0.02508	0.025165	0.025083	0.0014365	0.91049	0.14326	39.738	20	-4.228	-4.9601
10	0.16	0.025083	0.025165	0.025089	0.0015898	0.89579	0.14097	39.738	20	-4.4706	-5.8657
10	0.18	0.025085	0.025165	0.025095	0.001732	0.88148	0.13873	39.738	20	-4.3439	-5.7252
10	0.2	0.025088	0.025165	0.025101	0.0018638	0.86736	0.13651	39.738	20	-5.5782	-5.947
10	0.22	0.02509	0.025165	0.025106	0.0019855	0.85345	0.13433	39.738	20	-5.128	-5.7621
10	0.24	0.025092	0.025165	0.025112	0.0020965	0.83962	0.13216	39.738	20	-4.6278	-5.2332
10	0.26	0.025096	0.025165	0.025117	0.0021987	0.82611	0.13003	39.738	20	-4.1188	-5.3366
10	0.28	0.025099	0.025165	0.025122	0.0022927	0.81255	0.12795	39.738	20	-8.2461	-7.4348
10	0.3	0.025103	0.025165	0.025126	0.0023791	0.79985	0.12594	39.738	20	-5.2653	-6.3801
10	0.32	0.025106	0.025165	0.02513	0.0024579	0.7868	0.12393	39.738	20	-5.9993	-6.5391
10	0.34	0.025109	0.025165	0.025134	0.0025306	0.77439	0.12199	39.738	20	-4.8562	-6.2974
10	0.36	0.025113	0.025165	0.025138	0.0025965	0.76229	0.12012	39.738	20	-6.1866	-7.6747
10	0.38	0.025116	0.025165	0.025142	0.0026574	0.75057	0.1183	39.738	20	-6.8364	-7.0334
10	0.4	0.02512	0.025165	0.025145	0.0027115	0.73887	0.11648	39.738	20	-4.3581	-6.8567
10	0.42	0.025124	0.025165	0.025148	0.0027578	0.72715	0.11465	39.738	20	-4.8476	-6.3696
10	0.44	0.02513	0.025165	0.025151	0.0027978	0.71499	0.11275	39.738	20	-12.677	-7.4804
10	0.46	0.025133	0.025165	0.025153	0.0028297	0.70311	0.1109	39.738	20	-11.754	-7.3211
10	0.48	0.025137	0.025165	0.025156	0.002854	0.69114	0.10903	39.738	20	-9.3194	-7.4243
10	0.5	0.025138	0.025165	0.025158	0.0028665	0.67857	0.10706	39.738	20	-4.8832	-7.4738
10	0.52	0.025144	0.025165	0.025159	0.0028795	0.66676	0.10523	39.738	20	-7.4794	-7.3613
10	0.54	0.025148	0.025165	0.025161	0.0028815	0.65476	0.10339	39.738	20	-4.3568	-6.3999
10	0.56	0.02515	0.025165	0.025162	0.0028709	0.64197	0.10139	39.738	20	-4.5289	-5.9004
10	0.58	0.025153	0.025165	0.025163	0.0028549	0.62863	0.099285	39.738	20	-3.8912	-6.3966
10	0.6	0.025155	0.025165	0.025164	0.0028308	0.61574	0.097278	39.738	20	-3.6675	-5.8832
10	0.62	0.025157	0.025165	0.025164	0.0027945	0.6011	0.094942	39.738	20	-9.6447	-7.3169
10	0.64	0.02516	0.025165	0.025165	0.0027526	0.58711	0.092745	39.738	20	-9.3841	-7.1352
10	0.66	0.025162	0.025165	0.025165	0.0027017	0.5727	0.09048	39.738	20	-4.8564	-7.6151
10	0.68	0.025164	0.025165	0.025164	0.0026413	0.55781	0.088139	39.738	20	-4.8548	-7.2231
10	0.7	0.025166	0.025165	0.025164	0.0025711	0.54238	0.085711	39.738	20	-8.0585	-7.941
10	0.72	0.025168	0.025165	0.025163	0.0024908	0.52633	0.083183	39.738	20	-7.8097	-7.1948
10	0.74	0.02517	0.025165	0.025162	0.0023999	0.50955	0.08054	39.738	20	-7.7929	-7.9991
10	0.76	0.025172	0.025165	0.025161	0.002301	0.49252	0.077856	39.738	20	-4.6983	-6.5957
10	0.78	0.025174	0.025165	0.025159	0.0021868	0.47381	0.074906	39.738	20	-6.1065	-6.9176
10	0.8	0.025175	0.025165	0.025158	0.0020589	0.45395	0.071769	39.738	20	-4.4535	-6.4427
10	0.82	0.025176	0.025165	0.025156	0.0019176	0.43268	0.068409	39.738	20	-4.4832	-7.2718
10	0.84	0.025177	0.025165	0.025153	0.0017618	0.40974	0.064784	39.738	20	-4.4565	-6.491
10	0.86	0.025177	0.025165	0.025151	0.00159	0.38468	0.060823	39.738	20	-3.7282	-6.2012
10	0.88	0.025178	0.025165	0.025148	0.0014005	0.3569	0.056431	39.738	20	-3.1539	-6.5313
10	0.9	0.025178	0.025165	0.025145	0.0011913	0.32549	0.051465	39.738	20	-2.5673	-6.2757
