-0.570100 -0.356300 0.000000 0.000000 -0.000000 0.000000
-0.579046 -0.374643 0.020408 0.512037 -0.856868 0.998200
-0.587993 -0.392985 0.040816 0.796006 -1.112607 1.368035
-0.596939 -0.411328 0.061224 0.947453 -1.200407 1.529263
-0.605885 -0.429671 0.081633 1.013204 -1.137665 1.523438
-0.614832 -0.448014 0.102041 1.012037 -1.008401 1.428668
-0.623778 -0.466356 0.122449 1.006086 -0.887556 1.341628
-0.632724 -0.484699 0.142857 1.030802 -0.839521 1.329417
-0.641671 -0.503042 0.163265 1.049387 -0.790454 1.313785
-0.650617 -0.521385 0.183673 1.050530 -0.740455 1.285257
-0.659563 -0.539727 0.204082 1.056034 -0.693184 1.263215
-0.668510 -0.558070 0.224490 1.059504 -0.656365 1.246340
-0.677456 -0.576413 0.244898 1.062982 -0.624148 1.232676
-0.686403 -0.594756 0.265306 1.066589 -0.594167 1.220920
-0.695349 -0.613098 0.285714 1.069488 -0.566574 1.210294
-0.704295 -0.631441 0.306122 1.071499 -0.541548 1.200576
-0.713242 -0.649784 0.326531 1.072948 -0.518828 1.191806
-0.722188 -0.668127 0.346939 1.074119 -0.498036 1.183964
-0.731134 -0.686469 0.367347 1.075189 -0.478820 1.176988
-0.740081 -0.704812 0.387755 1.076345 -0.460903 1.170875
-0.749027 -0.723155 0.408163 1.077521 -0.444201 1.165489
-0.757973 -0.741497 0.428571 1.078143 -0.428682 1.160242
-0.766920 -0.759840 0.448980 1.077991 -0.413977 1.154748
-0.775866 -0.778183 0.469388 1.078867 -0.400404 1.150773
-0.784812 -0.796526 0.489796 1.079046 -0.387685 1.146577
-0.793759 -0.814868 0.510204 1.079314 -0.375529 1.142778
-0.802705 -0.833211 0.530612 1.079361 -0.364047 1.139100
-0.811651 -0.851554 0.551020 1.079293 -0.353214 1.135620
-0.820598 -0.869897 0.571429 1.079232 -0.342977 1.132419
-0.829544 -0.888239 0.591837 1.079209 -0.333283 1.129500
-0.838490 -0.906582 0.612245 1.079187 -0.324082 1.126798
-0.847437 -0.924925 0.632653 1.079100 -0.315321 1.124226
-0.856383 -0.943268 0.653061 1.078905 -0.306956 1.121721
-0.865330 -0.961610 0.673469 1.078597 -0.298951 1.119260
-0.874276 -0.979953 0.693878 1.078210 -0.291284 1.116864
-0.883222 -0.998296 0.714286 1.077807 -0.283949 1.114583
-0.892169 -1.016638 0.734694 1.077443 -0.276943 1.112466
-0.901115 -1.034981 0.755102 1.077145 -0.270260 1.110533
-0.910061 -1.053324 0.775510 1.076890 -0.263882 1.108749
-0.919008 -1.071667 0.795918 1.076605 -0.257770 1.107034
-0.927954 -1.090009 0.816327 1.076209 -0.251871 1.105290
-0.936900 -1.108352 0.836735 1.075697 -0.246146 1.103500
-0.945847 -1.126695 0.857143 1.075283 -0.240623 1.101877
-0.954793 -1.145038 0.877551 1.074971 -0.235413 1.100446
-0.963739 -1.163380 0.897959 1.074503 -0.230394 1.098926
-0.972686 -1.181723 0.918367 1.074087 -0.225538 1.097511
-0.981632 -1.200066 0.938776 1.073675 -0.220839 1.096151
-0.990578 -1.218409 0.959184 1.073242 -0.216293 1.094820
-0.999525 -1.236751 0.979592 1.072778 -0.211896 1.093505
-1.008471 -1.255094 1.000000 1.072283 -0.207642 1.092203
