-0.197400 -0.352600 0.000000 0.199329 -0.016223 0.199988
-0.203025 -0.372218 0.020408 0.321674 -0.025003 0.322644
-0.208651 -0.391835 0.040816 0.461484 -0.038406 0.463080
-0.214276 -0.411453 0.061224 0.614319 -0.057131 0.616970
-0.219901 -0.431070 0.081633 0.772625 -0.080310 0.776787
-0.225526 -0.450688 0.102041 0.930449 -0.107621 0.936653
-0.231152 -0.470306 0.122449 1.074813 -0.137041 1.083514
-0.236777 -0.489923 0.142857 1.196891 -0.165948 1.208341
-0.242402 -0.509541 0.163265 1.292366 -0.191981 1.306547
-0.248027 -0.529158 0.183673 1.360846 -0.213500 1.377492
-0.253653 -0.548776 0.204082 1.404884 -0.229756 1.423547
-0.259278 -0.568393 0.224490 1.428834 -0.240829 1.448988
-0.264903 -0.588011 0.244898 1.437778 -0.247415 1.458910
-0.270528 -0.607629 0.265306 1.436628 -0.250546 1.458312
-0.276154 -0.627246 0.285714 1.429520 -0.251312 1.451443
-0.281779 -0.646864 0.306122 1.419497 -0.250644 1.441455
-0.287404 -0.666481 0.326531 1.408463 -0.249187 1.430337
-0.293029 -0.686099 0.346939 1.397363 -0.247276 1.419074
-0.298655 -0.705717 0.367347 1.386478 -0.245011 1.407960
-0.304280 -0.725334 0.387755 1.375766 -0.242380 1.396954
-0.309905 -0.744952 0.408163 1.365157 -0.239411 1.385991
-0.315530 -0.764569 0.428571 1.354716 -0.236253 1.375162
-0.321156 -0.784187 0.448980 1.344660 -0.233159 1.364724
-0.326781 -0.803804 0.469388 1.335202 -0.230269 1.354912
-0.332406 -0.823422 0.489796 1.326298 -0.227139 1.345607
-0.338031 -0.843040 0.510204 1.317612 -0.223502 1.336434
-0.343657 -0.862657 0.530612 1.309158 -0.220492 1.327596
-0.349282 -0.882275 0.551020 1.300938 -0.217094 1.318927
-0.354907 -0.901892 0.571429 1.293064 -0.213614 1.310590
-0.360532 -0.921510 0.591837 1.285564 -0.210187 1.302633
-0.366158 -0.941128 0.612245 1.278416 -0.206848 1.295042
-0.371783 -0.960745 0.632653 1.271577 -0.203581 1.287771
-0.377408 -0.980363 0.653061 1.265000 -0.200356 1.280768
-0.383033 -0.999980 0.673469 1.258646 -0.197144 1.273992
-0.388659 -1.019598 0.693878 1.252490 -0.193932 1.267415
-0.394284 -1.039215 0.714286 1.246522 -0.190722 1.261028
-0.399909 -1.058833 0.734694 1.240747 -0.187528 1.254838
-0.405534 -1.078451 0.755102 1.235173 -0.184369 1.248857
-0.411160 -1.098068 0.775510 1.229814 -0.181267 1.243101
-0.416785 -1.117686 0.795918 1.224677 -0.178238 1.237580
-0.422410 -1.137303 0.816327 1.219763 -0.175290 1.232294
-0.428035 -1.156921 0.836735 1.215061 -0.172421 1.227233
-0.433661 -1.176539 0.857143 1.210550 -0.169622 1.222376
-0.439286 -1.196156 0.877551 1.206204 -0.166876 1.217692
-0.444911 -1.215774 0.897959 1.201991 -0.164168 1.213150
-0.450536 -1.235391 0.918367 1.197886 -0.161486 1.208722
-0.456162 -1.255009 0.938776 1.193873 -0.158825 1.204392
-0.461787 -1.274627 0.959184 1.189953 -0.156197 1.200160
-0.467412 -1.294244 0.979592 1.186142 -0.153621 1.196049
-0.473037 -1.313862 1.000000 1.182475 -0.151126 1.192093
