-0.618400 -0.342800 0.000000 0.000000 -0.000000 0.000000
-0.624025 -0.362418 0.020408 0.473257 -0.718270 0.860165
-0.629651 -0.382035 0.040816 0.744935 -0.980905 1.231707
-0.635276 -0.401653 0.061224 0.901817 -1.037520 1.374671
-0.640901 -0.421270 0.081633 0.957712 -0.996947 1.382431
-0.646526 -0.440888 0.102041 0.971496 -0.913065 1.333226
-0.652152 -0.460506 0.122449 0.979927 -0.828009 1.282909
-0.657777 -0.480123 0.142857 0.995064 -0.772996 1.260030
-0.663402 -0.499741 0.163265 1.014461 -0.736412 1.253569
-0.669027 -0.519358 0.183673 1.025349 -0.694574 1.238456
-0.674653 -0.538976 0.204082 1.018894 -0.647961 1.207476
-0.680278 -0.558593 0.224490 1.026117 -0.616713 1.197185
-0.685903 -0.578211 0.244898 1.031202 -0.586749 1.186445
-0.691528 -0.597829 0.265306 1.034061 -0.560875 1.176377
-0.697154 -0.617446 0.285714 1.036443 -0.535426 1.166574
-0.702779 -0.637064 0.306122 1.038785 -0.511582 1.157925
-0.708404 -0.656681 0.326531 1.040883 -0.490872 1.150823
-0.714029 -0.676299 0.346939 1.042548 -0.472843 1.144765
-0.719655 -0.695917 0.367347 1.043894 -0.455836 1.139079
-0.725280 -0.715534 0.387755 1.045171 -0.438816 1.133553
-0.730905 -0.735152 0.408163 1.046448 -0.422288 1.128442
-0.736530 -0.754769 0.428571 1.047518 -0.407572 1.124015
-0.742156 -0.774387 0.448980 1.048197 -0.395073 1.120179
-0.747781 -0.794004 0.469388 1.048762 -0.383177 1.116569
-0.753406 -0.813622 0.489796 1.049707 -0.369949 1.112990
-0.759031 -0.833240 0.510204 1.049430 -0.359813 1.109400
-0.764657 -0.852857 0.530612 1.050762 -0.347784 1.106822
-0.770282 -0.872475 0.551020 1.050723 -0.338076 1.103772
-0.775907 -0.892092 0.571429 1.050770 -0.328799 1.101011
-0.781532 -0.911710 0.591837 1.051157 -0.319526 1.098648
-0.787158 -0.931328 0.612245 1.051595 -0.310542 1.096489
-0.792783 -0.950945 0.632653 1.051815 -0.302114 1.094343
-0.798408 -0.970563 0.653061 1.051760 -0.294279 1.092153
-0.804033 -0.990180 0.673469 1.051555 -0.286900 1.089991
-0.809659 -1.009798 0.693878 1.051381 -0.279796 1.087974
-0.815284 -1.029415 0.714286 1.051347 -0.272860 1.086179
-0.820909 -1.049033 0.734694 1.051431 -0.266099 1.084581
-0.826534 -1.068651 0.755102 1.051495 -0.259605 1.083068
-0.832160 -1.088268 0.775510 1.051381 -0.253474 1.081504
-0.837785 -1.107886 0.795918 1.051040 -0.247719 1.079838
-0.843410 -1.127503 0.816327 1.050619 -0.242220 1.078180
-0.849035 -1.147121 0.836735 1.050415 -0.236788 1.076773
-0.854661 -1.166739 0.857143 1.050562 -0.231381 1.075740
-0.860286 -1.186356 0.877551 1.050329 -0.226516 1.074477
-0.865911 -1.205974 0.897959 1.049958 -0.221809 1.073131
-0.871536 -1.225591 0.918367 1.049988 -0.216945 1.072166
-0.877162 -1.245209 0.938776 1.049746 -0.212403 1.071019
-0.882787 -1.264827 0.959184 1.049353 -0.208084 1.069785
-0.888412 -1.284444 0.979592 1.048902 -0.203927 1.068542
-0.894037 -1.304062 1.000000 1.048458 -0.199901 1.067344
