-0.342800 0.618400 0.000000 0.000003 0.000003 0.000005
-0.337175 0.638018 0.020408 0.417512 0.355576 0.548407
-0.331549 0.657635 0.040816 0.645380 0.501899 0.817568
-0.325924 0.677253 0.061224 0.832157 0.615565 1.035087
-0.320299 0.696870 0.081633 0.972452 0.678625 1.185830
-0.314674 0.716488 0.102041 1.065254 0.714260 1.282550
-0.309048 0.736106 0.122449 1.123312 0.714407 1.331243
-0.303423 0.755723 0.142857 1.158417 0.699202 1.353076
-0.297798 0.775341 0.163265 1.180860 0.679167 1.362240
-0.292173 0.794958 0.183673 1.199553 0.653904 1.366206
-0.286547 0.814576 0.204082 1.207163 0.626813 1.360198
-0.280922 0.834193 0.224490 1.210814 0.598852 1.350812
-0.275297 0.853811 0.244898 1.212780 0.571997 1.340901
-0.269672 0.873429 0.265306 1.213759 0.547293 1.331443
-0.264046 0.893046 0.285714 1.213768 0.524003 1.322048
-0.258421 0.912664 0.306122 1.213085 0.501844 1.312792
-0.252796 0.932281 0.326531 1.211963 0.481010 1.303927
-0.247171 0.951899 0.346939 1.210468 0.461603 1.295497
-0.241545 0.971517 0.367347 1.208627 0.443466 1.287417
-0.235920 0.991134 0.387755 1.206577 0.426395 1.279704
-0.230295 1.010752 0.408163 1.204518 0.410327 1.272490
-0.224670 1.030369 0.428571 1.202488 0.395256 1.265782
-0.219044 1.049987 0.448980 1.200238 0.381001 1.259259
-0.213419 1.069604 0.469388 1.197561 0.367332 1.252632
-0.207794 1.089222 0.489796 1.195123 0.354752 1.246663
-0.202169 1.108840 0.510204 1.192671 0.342551 1.240889
-0.196543 1.128457 0.530612 1.190173 0.331183 1.235392
-0.190918 1.148075 0.551020 1.187630 0.320398 1.230089
-0.185293 1.167692 0.571429 1.185068 0.310108 1.224970
-0.179668 1.187310 0.591837 1.182509 0.300300 1.220044
-0.174042 1.206928 0.612245 1.179958 0.290980 1.215307
-0.168417 1.226545 0.632653 1.177413 0.282140 1.210746
-0.162792 1.246163 0.653061 1.174873 0.273745 1.206343
-0.157167 1.265780 0.673469 1.172342 0.265753 1.202086
-0.151541 1.285398 0.693878 1.169830 0.258120 1.197969
-0.145916 1.305015 0.714286 1.167349 0.250817 1.193990
-0.140291 1.324633 0.734694 1.164904 0.243826 1.190148
-0.134666 1.344251 0.755102 1.162495 0.237139 1.186436
-0.129040 1.363868 0.775510 1.160115 0.230749 1.182840
-0.123415 1.383486 0.795918 1.157760 0.224640 1.179353
-0.117790 1.403103 0.816327 1.155438 0.218792 1.175971
-0.112165 1.422721 0.836735 1.153168 0.213182 1.172707
-0.106539 1.442339 0.857143 1.150973 0.207793 1.169579
-0.100914 1.461956 0.877551 1.148842 0.202630 1.166574
-0.095289 1.481574 0.897959 1.146657 0.197710 1.163577
-0.089664 1.501191 0.918367 1.144644 0.192915 1.160787
-0.084038 1.520809 0.938776 1.142577 0.188346 1.157996
-0.078413 1.540427 0.959184 1.140511 0.183962 1.155252
-0.072788 1.560044 0.979592 1.138476 0.179742 1.152577
-0.067163 1.579662 1.000000 1.136489 0.175673 1.149986
