-0.354500 0.720300 0.000000 0.000000 0.000000 0.000000
-0.350956 0.740398 0.020408 0.484114 0.371469 0.610210
-0.347412 0.760496 0.040816 0.737368 0.536170 0.911696
-0.343868 0.780594 0.061224 0.928854 0.645822 1.131307
-0.340325 0.800692 0.081633 1.050492 0.692275 1.258086
-0.336781 0.820791 0.102041 1.113127 0.702798 1.316425
-0.333237 0.840889 0.122449 1.141123 0.680496 1.328622
-0.329693 0.860987 0.142857 1.156225 0.651637 1.327210
-0.326149 0.881085 0.163265 1.167811 0.622981 1.323589
-0.322605 0.901183 0.183673 1.173707 0.590960 1.314086
-0.319062 0.921281 0.204082 1.173840 0.561802 1.301354
-0.315518 0.941379 0.224490 1.172511 0.534030 1.288398
-0.311974 0.961477 0.244898 1.171565 0.508498 1.277159
-0.308430 0.981576 0.265306 1.170086 0.485129 1.266669
-0.304886 1.001674 0.285714 1.167675 0.463220 1.256200
-0.301342 1.021772 0.306122 1.164852 0.442689 1.246135
-0.297799 1.041870 0.326531 1.162174 0.423829 1.237045
-0.294255 1.061968 0.346939 1.159695 0.406559 1.228895
-0.290711 1.082066 0.367347 1.157116 0.390333 1.221178
-0.287167 1.102164 0.387755 1.154268 0.374807 1.213596
-0.283623 1.122262 0.408163 1.151356 0.360389 1.206442
-0.280079 1.142360 0.428571 1.148675 0.347301 1.200030
-0.276536 1.162459 0.448980 1.146140 0.334552 1.193969
-0.272992 1.182557 0.469388 1.143483 0.322689 1.188142
-0.269448 1.202655 0.489796 1.140863 0.311407 1.182600
-0.265904 1.222753 0.510204 1.138315 0.300889 1.177411
-0.262360 1.242851 0.530612 1.135810 0.290967 1.172487
-0.258816 1.262949 0.551020 1.133337 0.281512 1.167777
-0.255272 1.283047 0.571429 1.130906 0.272502 1.163274
-0.251729 1.303145 0.591837 1.128527 0.263961 1.158986
-0.248185 1.323244 0.612245 1.126203 0.255892 1.154909
-0.244641 1.343342 0.632653 1.123933 0.248245 1.151022
-0.241097 1.363440 0.653061 1.121712 0.240944 1.147297
-0.237553 1.383538 0.673469 1.119538 0.233938 1.143718
-0.234009 1.403636 0.693878 1.117406 0.227241 1.140279
-0.230466 1.423734 0.714286 1.115316 0.220901 1.136982
-0.226922 1.443832 0.734694 1.113294 0.214854 1.133836
-0.223378 1.463930 0.755102 1.111360 0.208994 1.130841
-0.219834 1.484028 0.775510 1.109401 0.203497 1.127910
-0.216290 1.504127 0.795918 1.107493 0.198153 1.125080
-0.212746 1.524225 0.816327 1.105640 0.193011 1.122361
-0.209203 1.544323 0.836735 1.103838 0.188088 1.119748
-0.205659 1.564421 0.857143 1.102082 0.183377 1.117234
-0.202115 1.584519 0.877551 1.100368 0.178866 1.114811
-0.198571 1.604617 0.897959 1.098694 0.174535 1.112470
-0.195027 1.624715 0.918367 1.097056 0.170370 1.110206
-0.191483 1.644813 0.938776 1.095453 0.166357 1.108012
-0.187940 1.664912 0.959184 1.093883 0.162486 1.105885
-0.184396 1.685010 0.979592 1.092346 0.158750 1.103821
-0.180852 1.705108 1.000000 1.090841 0.155145 1.101819
