0	0
0.1	-0.0010561
0.2	-0.0021115
0.3	-0.0031658
0.4	-0.0042182
0.5	-0.0052681
0.6	-0.006315
0.7	-0.0073582
0.8	-0.0083971
0.9	-0.0094311
1	-0.01046
1.1	-0.011482
1.2	-0.012498
1.3	-0.013506
1.4	-0.014506
1.5	-0.015498
1.6	-0.016481
1.7	-0.017454
1.8	-0.018417
1.9	-0.019369
2	-0.020309
2.1	-0.021237
2.2	-0.022152
2.3	-0.023055
2.4	-0.023943
2.5	-0.024817
2.6	-0.025676
2.7	-0.026519
2.8	-0.027346
2.9	-0.028156
3	-0.028949
3.1	-0.029725
3.2	-0.030481
3.3	-0.031219
3.4	-0.031938
3.5	-0.032636
3.6	-0.033314
3.7	-0.03397
3.8	-0.034605
3.9	-0.035218
4	-0.035808
4.1	-0.036375
4.2	-0.036918
4.3	-0.037436
4.4	-0.037931
4.5	-0.038399
4.6	-0.038842
4.7	-0.039259
4.8	-0.039649
4.9	-0.040012
5	-0.040348
5.1	-0.040655
5.2	-0.040934
5.3	-0.041183
5.4	-0.041404
5.5	-0.041594
5.6	-0.041754
5.7	-0.041883
5.8	-0.041981
5.9	-0.042048
6	-0.042082
6.1	-0.042085
6.2	-0.042054
6.3	-0.041991
6.4	-0.041894
6.5	-0.041763
6.6	-0.041598
6.7	-0.041398
6.8	-0.041163
6.9	-0.040894
7	-0.040588
7.1	-0.040247
7.2	-0.03987
7.3	-0.039456
7.4	-0.039006
7.5	-0.038518
7.6	-0.037993
7.7	-0.037431
7.8	-0.036831
7.9	-0.036193
8	-0.035517
8.1	-0.034802
8.2	-0.034049
8.3	-0.033257
8.4	-0.032426
8.5	-0.031555
8.6	-0.030646
8.7	-0.029696
8.8	-0.028707
8.9	-0.027679
9	-0.02661
9.1	-0.025501
9.2	-0.024353
9.3	-0.023164
9.4	-0.021934
9.5	-0.020665
9.6	-0.019355
9.7	-0.018005
9.8	-0.016614
9.9	-0.015183
10	-0.013711
10.1	-0.012199
10.2	-0.010647
10.3	-0.0090542
10.4	-0.0074211
10.5	-0.0057479
10.6	-0.0040345
10.7	-0.002281
10.8	-0.00048765
10.9	0.0013455
11	0.0032184
11.1	0.0051308
11.2	0.0070826
11.3	0.0090735
11.4	0.011103
11.5	0.013172
11.6	0.015279
11.7	0.017425
11.8	0.019609
11.9	0.02183
12	0.024089
12.1	0.026385
12.2	0.028718
12.3	0.031087
12.4	0.033493
12.5	0.035935
12.6	0.038412
12.7	0.040924
12.8	0.04347
12.9	0.046051
13	0.048666
13.1	0.051314
13.2	0.053995
13.3	0.056708
13.4	0.059453
13.5	0.06223
13.6	0.065037
13.7	0.067874
13.8	0.070741
13.9	0.073637
14	0.076561
14.1	0.079514
14.2	0.082493
14.3	0.085499
14.4	0.08853
14.5	0.091587
14.6	0.094668
14.7	0.097772
14.8	0.1009
14.9	0.10405
15	0.10722
15.1	0.11041
15.2	0.11362
15.3	0.11685
15.4	0.1201
15.5	0.12336
15.6	0.12664
15.7	0.12994
15.8	0.13325
15.9	0.13657
16	0.13991
16.1	0.14326
16.2	0.14661
16.3	0.14998
16.4	0.15336
16.5	0.15674
16.6	0.16013
16.7	0.16352
16.8	0.16692
16.9	0.17032
17	0.17372
17.1	0.17712
17.2	0.18053
17.3	0.18392
17.4	0.18732
17.5	0.19071
17.6	0.1941
17.7	0.19748
17.8	0.20085
17.9	0.20421
18	0.20756
18.1	0.2109
18.2	0.21422
18.3	0.21753
18.4	0.22083
18.5	0.2241
18.6	0.22736
18.7	0.23059
18.8	0.23381
18.9	0.237
19	0.24016
19.1	0.2433
19.2	0.24641
19.3	0.24949
19.4	0.25254
19.5	0.25556
19.6	0.25854
19.7	0.26148
19.8	0.26439
19.9	0.26726
20	0.27009
20.1	0.27288
20.2	0.27562
20.3	0.27832
20.4	0.28097
20.5	0.28357
20.6	0.28612
20.7	0.28862
20.8	0.29107
20.9	0.29345
21	0.29579
21.1	0.29806
21.2	0.30027
21.3	0.30242
21.4	0.30451
21.5	0.30653
21.6	0.30848
21.7	0.31037
21.8	0.31218
21.9	0.31392
22	0.31559
22.1	0.31718
22.2	0.3187
22.3	0.32013
22.4	0.32149
22.5	0.32276
22.6	0.32395
22.7	0.32505
22.8	0.32606
22.9	0.32699
23	0.32782
23.1	0.32857
23.2	0.32922
23.3	0.32977
23.4	0.33023
23.5	0.33059
23.6	0.33085
23.7	0.33101
23.8	0.33107
23.9	0.33102
24	0.33087
24.1	0.33061
24.2	0.33025
24.3	0.32977
24.4	0.32919
24.5	0.32849
24.6	0.32768
24.7	0.32676
24.8	0.32573
24.9	0.32458
25	0.32332
25.1	0.32193
25.2	0.32043
25.3	0.31882
25.4	0.31708
25.5	0.31522
25.6	0.31325
25.7	0.31115
25.8	0.30893
25.9	0.3066
26	0.30414
26.1	0.30156
26.2	0.29886
26.3	0.29604
26.4	0.2931
26.5	0.29004
26.6	0.28686
26.7	0.28356
26.8	0.28014
26.9	0.2766
27	0.27295
27.1	0.26918
27.2	0.2653
27.3	0.26131
27.4	0.2572
27.5	0.25299
27.6	0.24866
27.7	0.24424
27.8	0.2397
27.9	0.23507
28	0.23034
28.1	0.22551
28.2	0.22059
28.3	0.21558
28.4	0.21049
28.5	0.20531
28.6	0.20005
28.7	0.19472
28.8	0.18932
28.9	0.18385
29	0.17832
29.1	0.17274
29.2	0.1671
29.3	0.16142
29.4	0.1557
29.5	0.14995
29.6	0.14417
29.7	0.13838
29.8	0.13257
29.9	0.12676
30	0.12095
