0	0
0.1	0.0025261
0.2	0.005052
0.3	0.0075776
0.4	0.010103
0.5	0.012628
0.6	0.015151
0.7	0.017675
0.8	0.020197
0.9	0.022718
1	0.025237
1.1	0.027756
1.2	0.030272
1.3	0.032787
1.4	0.0353
1.5	0.037811
1.6	0.04032
1.7	0.042826
1.8	0.045329
1.9	0.04783
2	0.050328
2.1	0.052822
2.2	0.055313
2.3	0.0578
2.4	0.060284
2.5	0.062763
2.6	0.065238
2.7	0.067709
2.8	0.070175
2.9	0.072635
3	0.07509
3.1	0.07754
3.2	0.079984
3.3	0.082421
3.4	0.084852
3.5	0.087276
3.6	0.089693
3.7	0.092103
3.8	0.094504
3.9	0.096898
4	0.099282
4.1	0.10166
4.2	0.10402
4.3	0.10638
4.4	0.10873
4.5	0.11106
4.6	0.11339
4.7	0.1157
4.8	0.118
4.9	0.12029
5	0.12257
5.1	0.12483
5.2	0.12708
5.3	0.12931
5.4	0.13153
5.5	0.13374
5.6	0.13592
5.7	0.1381
5.8	0.14025
5.9	0.14238
6	0.1445
6.1	0.1466
6.2	0.14868
6.3	0.15074
6.4	0.15277
6.5	0.15479
6.6	0.15678
6.7	0.15875
6.8	0.16069
6.9	0.16261
7	0.16451
7.1	0.16638
7.2	0.16822
7.3	0.17004
7.4	0.17182
7.5	0.17358
7.6	0.1753
7.7	0.177
7.8	0.17866
7.9	0.18029
8	0.18189
8.1	0.18346
8.2	0.18498
8.3	0.18648
8.4	0.18793
8.5	0.18935
8.6	0.19073
8.7	0.19206
8.8	0.19336
8.9	0.19462
9	0.19583
9.1	0.197
9.2	0.19813
9.3	0.19921
9.4	0.20025
9.5	0.20124
9.6	0.20218
9.7	0.20307
9.8	0.20391
9.9	0.2047
10	0.20544
10.1	0.20613
10.2	0.20676
10.3	0.20734
10.4	0.20786
10.5	0.20833
10.6	0.20874
10.7	0.20909
10.8	0.20938
10.9	0.20962
11	0.20979
11.1	0.2099
11.2	0.20995
11.3	0.20994
11.4	0.20986
11.5	0.20972
11.6	0.20951
11.7	0.20924
11.8	0.2089
11.9	0.2085
12	0.20803
12.1	0.20749
12.2	0.20688
12.3	0.2062
12.4	0.20546
12.5	0.20464
12.6	0.20375
12.7	0.2028
12.8	0.20177
12.9	0.20067
13	0.1995
13.1	0.19826
13.2	0.19695
13.3	0.19557
13.4	0.19412
13.5	0.1926
13.6	0.191
13.7	0.18934
13.8	0.18761
13.9	0.18581
14	0.18394
14.1	0.18179
14.2	0.17968
14.3	0.1776
14.4	0.17556
14.5	0.17357
14.6	0.17163
14.7	0.16974
14.8	0.16792
14.9	0.16616
15	0.16448
15.1	0.16287
15.2	0.16135
15.3	0.15991
15.4	0.15856
15.5	0.1573
15.6	0.15614
15.7	0.15507
15.8	0.15411
15.9	0.15326
16	0.1525
16.1	0.15086
16.2	0.14919
16.3	0.14749
16.4	0.14576
16.5	0.14401
16.6	0.14223
16.7	0.14042
16.8	0.13859
16.9	0.13673
17	0.13484
17.1	0.13294
17.2	0.13101
17.3	0.12905
17.4	0.12708
17.5	0.12508
17.6	0.12306
17.7	0.12102
17.8	0.11896
17.9	0.11687
18	0.11477
18.1	0.11265
18.2	0.11052
18.3	0.10836
18.4	0.10619
18.5	0.104
18.6	0.10179
18.7	0.099574
18.8	0.09734
18.9	0.095092
19	0.09283
19.1	0.090556
19.2	0.08827
19.3	0.085972
19.4	0.083664
19.5	0.081345
19.6	0.079018
19.7	0.076681
19.8	0.074337
19.9	0.071985
20	0.069626
20.1	0.067261
20.2	0.064891
20.3	0.062516
20.4	0.060137
20.5	0.057755
20.6	0.05537
20.7	0.052983
20.8	0.050594
20.9	0.048205
21	0.045816
21.1	0.043427
21.2	0.04104
21.3	0.038655
21.4	0.036272
21.5	0.033893
21.6	0.031517
21.7	0.029146
21.8	0.026781
21.9	0.024421
22	0.022067
22.1	0.01972
22.2	0.017381
22.3	0.01505
22.4	0.012728
22.5	0.010414
22.6	0.0081111
22.7	0.005818
22.8	0.0035358
22.9	0.0012649
23	-0.00099432
23.1	-0.0032413
23.2	-0.0054756
23.3	-0.0076969
23.4	-0.0099048
23.5	-0.012099
23.6	-0.014279
23.7	-0.016444
23.8	-0.018595
23.9	-0.020731
24	-0.022852
24.1	-0.024957
24.2	-0.027047
24.3	-0.029121
24.4	-0.031179
24.5	-0.033222
24.6	-0.035249
24.7	-0.03726
24.8	-0.039255
24.9	-0.041235
25	-0.043199
25.1	-0.045149
25.2	-0.047083
25.3	-0.049003
25.4	-0.050909
25.5	-0.052801
25.6	-0.05468
25.7	-0.056546
25.8	-0.0584
25.9	-0.060243
26	-0.062075
26.1	-0.063898
26.2	-0.065711
26.3	-0.067517
26.4	-0.069316
26.5	-0.07111
26.6	-0.072899
26.7	-0.074685
26.8	-0.07647
26.9	-0.078255
27	-0.080041
27.1	-0.08183
27.2	-0.083625
27.3	-0.085426
27.4	-0.087237
27.5	-0.089059
27.6	-0.090895
27.7	-0.092747
27.8	-0.094617
27.9	-0.096508
28	-0.098424
28.1	-0.10037
28.2	-0.10234
28.3	-0.10435
28.4	-0.10639
28.5	-0.10847
28.6	-0.1106
28.7	-0.11278
28.8	-0.11501
28.9	-0.11729
29	-0.11964
29.1	-0.12205
29.2	-0.12453
29.3	-0.12709
29.4	-0.12973
29.5	-0.13246
29.6	-0.13528
29.7	-0.1382
29.8	-0.14122
29.9	-0.14435
30	-0.1476
