0	0
0.1	0.003088
0.2	0.0061748
0.3	0.0092595
0.4	0.012341
0.5	0.015418
0.6	0.018489
0.7	0.021554
0.8	0.024611
0.9	0.027659
1	0.030697
1.1	0.033723
1.2	0.036738
1.3	0.039739
1.4	0.042725
1.5	0.045696
1.6	0.048649
1.7	0.051584
1.8	0.0545
1.9	0.057396
2	0.060269
2.1	0.06312
2.2	0.065946
2.3	0.068746
2.4	0.07152
2.5	0.074266
2.6	0.076982
2.7	0.079668
2.8	0.082322
2.9	0.084942
3	0.087528
3.1	0.090077
3.2	0.09259
3.3	0.095063
3.4	0.097496
3.5	0.099888
3.6	0.10224
3.7	0.10454
3.8	0.1068
3.9	0.10901
4	0.11117
4.1	0.11329
4.2	0.11535
4.3	0.11736
4.4	0.11931
4.5	0.12121
4.6	0.12305
4.7	0.12483
4.8	0.12655
4.9	0.12821
5	0.12981
5.1	0.13134
5.2	0.13281
5.3	0.13421
5.4	0.13554
5.5	0.1368
5.6	0.13799
5.7	0.13911
5.8	0.14016
5.9	0.14113
6	0.14202
6.1	0.14284
6.2	0.14358
6.3	0.14424
6.4	0.14482
6.5	0.14532
6.6	0.14573
6.7	0.14607
6.8	0.14632
6.9	0.14649
7	0.14657
7.1	0.14657
7.2	0.14648
7.3	0.14631
7.4	0.14606
7.5	0.14572
7.6	0.14529
7.7	0.14478
7.8	0.14418
7.9	0.14351
8	0.14274
8.1	0.1419
8.2	0.14098
8.3	0.13997
8.4	0.13889
8.5	0.13773
8.6	0.1365
8.7	0.1352
8.8	0.13382
8.9	0.13238
9	0.13088
9.1	0.12931
9.2	0.12769
9.3	0.12601
9.4	0.12428
9.5	0.12251
9.6	0.1207
9.7	0.11885
9.8	0.11697
9.9	0.11507
10	0.11315
10.1	0.11122
10.2	0.10928
10.3	0.10735
10.4	0.10543
10.5	0.10353
10.6	0.10166
10.7	0.099826
10.8	0.098043
10.9	0.096319
11	0.094665
11.1	0.092863
11.2	0.090084
11.3	0.087274
11.4	0.084403
11.5	0.081472
11.6	0.07848
11.7	0.075428
11.8	0.072319
11.9	0.069152
12	0.065928
12.1	0.062649
12.2	0.059315
12.3	0.055928
12.4	0.052488
12.5	0.048996
12.6	0.045454
12.7	0.041862
12.8	0.038222
12.9	0.034535
13	0.030801
13.1	0.027023
13.2	0.0232
13.3	0.019334
13.4	0.015427
13.5	0.01148
13.6	0.0074927
13.7	0.0034676
13.8	-0.00059442
13.9	-0.0046922
14	-0.0088246
14.1	-0.01299
14.2	-0.017188
14.3	-0.021417
14.4	-0.025676
14.5	-0.029963
14.6	-0.034278
14.7	-0.038619
14.8	-0.042985
14.9	-0.047375
15	-0.051788
15.1	-0.056222
15.2	-0.060677
15.3	-0.065152
15.4	-0.069644
15.5	-0.074154
15.6	-0.078681
15.7	-0.083223
15.8	-0.087779
15.9	-0.092348
16	-0.09693
16.1	-0.10152
16.2	-0.10613
16.3	-0.11074
16.4	-0.11537
16.5	-0.12
16.6	-0.12464
16.7	-0.12929
16.8	-0.13394
16.9	-0.1386
17	-0.14327
17.1	-0.14795
17.2	-0.15262
17.3	-0.15731
17.4	-0.162
17.5	-0.16669
17.6	-0.17139
17.7	-0.1761
17.8	-0.18081
17.9	-0.18553
18	-0.19026
