0	0
0.1	-0.0040249
0.2	-0.0080489
0.3	-0.012071
0.4	-0.016091
0.5	-0.020108
0.6	-0.02412
0.7	-0.028128
0.8	-0.032129
0.9	-0.036124
1	-0.040111
1.1	-0.04409
1.2	-0.04806
1.3	-0.05202
1.4	-0.055969
1.5	-0.059907
1.6	-0.063832
1.7	-0.067743
1.8	-0.071641
1.9	-0.075524
2	-0.07939
2.1	-0.083241
2.2	-0.087074
2.3	-0.090888
2.4	-0.094684
2.5	-0.098459
2.6	-0.10221
2.7	-0.10595
2.8	-0.10966
2.9	-0.11335
3	-0.11701
3.1	-0.12065
3.2	-0.12427
3.3	-0.12785
3.4	-0.13141
3.5	-0.13495
3.6	-0.13845
3.7	-0.14192
3.8	-0.14537
3.9	-0.14878
4	-0.15216
4.1	-0.15551
4.2	-0.15883
4.3	-0.16211
4.4	-0.16535
4.5	-0.16856
4.6	-0.17174
4.7	-0.17487
4.8	-0.17797
4.9	-0.18103
5	-0.18405
5.1	-0.18703
5.2	-0.18997
5.3	-0.19286
5.4	-0.19572
5.5	-0.19853
5.6	-0.2013
5.7	-0.20402
5.8	-0.20669
5.9	-0.20932
6	-0.21191
6.1	-0.21444
6.2	-0.21693
6.3	-0.21937
6.4	-0.22176
6.5	-0.2241
6.6	-0.22638
6.7	-0.22862
6.8	-0.2308
6.9	-0.23293
7	-0.23501
7.1	-0.23703
7.2	-0.239
7.3	-0.24091
7.4	-0.24276
7.5	-0.24456
7.6	-0.2463
7.7	-0.24798
7.8	-0.24961
7.9	-0.25117
8	-0.25267
8.1	-0.25412
8.2	-0.2555
8.3	-0.25682
8.4	-0.25807
8.5	-0.25927
8.6	-0.2604
8.7	-0.26147
8.8	-0.26247
8.9	-0.2634
9	-0.26427
9.1	-0.26508
9.2	-0.26582
9.3	-0.26649
9.4	-0.26709
9.5	-0.26763
9.6	-0.26809
9.7	-0.26849
9.8	-0.26882
9.9	-0.26907
10	-0.26926
10.1	-0.26937
10.2	-0.26942
10.3	-0.26939
10.4	-0.26929
10.5	-0.26912
10.6	-0.26887
10.7	-0.26856
10.8	-0.26816
10.9	-0.2677
11	-0.26716
11.1	-0.26654
11.2	-0.26585
11.3	-0.26509
11.4	-0.26425
11.5	-0.26333
11.6	-0.26234
11.7	-0.26127
11.8	-0.26013
11.9	-0.25891
12	-0.25761
12.1	-0.25623
12.2	-0.25478
12.3	-0.25325
12.4	-0.25164
12.5	-0.24996
12.6	-0.2482
12.7	-0.24636
12.8	-0.24444
12.9	-0.24244
13	-0.24037
13.1	-0.23822
13.2	-0.23599
13.3	-0.23368
13.4	-0.2313
13.5	-0.22884
13.6	-0.22629
13.7	-0.22368
13.8	-0.22098
13.9	-0.21821
14	-0.21536
14.1	-0.21243
14.2	-0.20943
14.3	-0.20635
14.4	-0.20319
14.5	-0.19996
14.6	-0.19665
14.7	-0.19326
14.8	-0.1898
14.9	-0.18627
15	-0.18266
15.1	-0.17898
15.2	-0.17522
15.3	-0.17139
15.4	-0.16749
15.5	-0.16352
15.6	-0.15947
15.7	-0.15535
15.8	-0.15117
15.9	-0.14691
16	-0.14258
16.1	-0.13819
16.2	-0.13373
16.3	-0.1292
16.4	-0.1246
16.5	-0.11994
16.6	-0.11522
16.7	-0.11043
16.8	-0.10558
16.9	-0.10067
17	-0.095694
17.1	-0.090661
17.2	-0.085569
17.3	-0.080419
17.4	-0.075213
17.5	-0.069952
17.6	-0.064636
17.7	-0.059268
17.8	-0.053848
17.9	-0.048378
18	-0.042859
18.1	-0.037293
18.2	-0.031681
18.3	-0.026024
18.4	-0.020324
18.5	-0.014583
18.6	-0.0088019
18.7	-0.0029829
18.8	0.0028724
18.9	0.0087622
19	0.014685
19.1	0.020638
19.2	0.02662
19.3	0.032629
19.4	0.038663
19.5	0.04472
19.6	0.050797
19.7	0.056893
19.8	0.063005
19.9	0.069131
20	0.075268
20.1	0.081414
20.2	0.087567
20.3	0.093723
20.4	0.099881
20.5	0.10604
20.6	0.10851
20.7	0.11122
20.8	0.11415
20.9	0.1173
21	0.12067
21.1	0.12425
21.2	0.12803
21.3	0.13201
21.4	0.13619
21.5	0.14055
21.6	0.14509
21.7	0.1498
21.8	0.15468
21.9	0.15971
22	0.1649
22.1	0.17022
22.2	0.17567
22.3	0.18124
22.4	0.18693
22.5	0.19271
22.6	0.19859
22.7	0.20455
22.8	0.21058
22.9	0.21667
23	0.2228
23.1	0.22897
23.2	0.23517
23.3	0.24137
23.4	0.24757
23.5	0.25376
23.6	0.25991
23.7	0.26602
23.8	0.27208
23.9	0.27806
24	0.28396
24.1	0.28976
24.2	0.29543
24.3	0.30098
24.4	0.30637
24.5	0.3116
24.6	0.31665
24.7	0.3215
24.8	0.32614
24.9	0.33054
25	0.3347
25.1	0.33858
25.2	0.34218
25.3	0.34548
25.4	0.34845
25.5	0.35109
25.6	0.35337
25.7	0.35527
25.8	0.35677
25.9	0.35786
26	0.35852
26.1	0.35872
26.2	0.35846
26.3	0.3577
26.4	0.35644
26.5	0.35465
26.6	0.35231
26.7	0.34941
26.8	0.34593
26.9	0.34184
27	0.33714
27.1	0.3318
27.2	0.3258
27.3	0.31913
27.4	0.31178
27.5	0.30372
27.6	0.29494
27.7	0.28543
27.8	0.27516
27.9	0.26413
28	0.25232
28.1	0.23972
28.2	0.22632
28.3	0.21211
28.4	0.19706
28.5	0.18119
28.6	0.16447
28.7	0.1469
28.8	0.14549
28.9	0.13481
29	0.12409
29.1	0.11331
29.2	0.10249
29.3	0.091626
29.4	0.080718
29.5	0.069768
29.6	0.058778
29.7	0.047749
29.8	0.036685
29.9	0.025585
30	0.014453
30.1	0.0032891
30.2	-0.007904
30.3	-0.019125
30.4	-0.030371
30.5	-0.041641
30.6	-0.052932
30.7	-0.064244
30.8	-0.075573
30.9	-0.086917
31	-0.098276
31.1	-0.10965
31.2	-0.12102
31.3	-0.13241
31.4	-0.1438
31.5	-0.15519
31.6	-0.16659
31.7	-0.17798
31.8	-0.18936
31.9	-0.20074
32	-0.21211
32.1	-0.22347
32.2	-0.23481
32.3	-0.24614
32.4	-0.25744
32.5	-0.26873
32.6	-0.27999
32.7	-0.29122
32.8	-0.30242
32.9	-0.31358
33	-0.32471
33.1	-0.3358
33.2	-0.34685
33.3	-0.35785
33.4	-0.36881
33.5	-0.37971
33.6	-0.39056
33.7	-0.40135
33.8	-0.41208
33.9	-0.42275
34	-0.43335
34.1	-0.44388
34.2	-0.45433
34.3	-0.46471
34.4	-0.47501
34.5	-0.48522
34.6	-0.49535
34.7	-0.50538
34.8	-0.51532
34.9	-0.52516
35	-0.5349
35.1	-0.54453
35.2	-0.55406
35.3	-0.56347
35.4	-0.57276
35.5	-0.58193
35.6	-0.59098
35.7	-0.5999
35.8	-0.60869
35.9	-0.61734
36	-0.62584
36.1	-0.63421
36.2	-0.64242
36.3	-0.65048
36.4	-0.65839
36.5	-0.66613
36.6	-0.67371
36.7	-0.68111
36.8	-0.68835
36.9	-0.6954
37	-0.70227
37.1	-0.70896
37.2	-0.71545
37.3	-0.72175
37.4	-0.72784
37.5	-0.73373
37.6	-0.73942
37.7	-0.74488
37.8	-0.75013
37.9	-0.75516
38	-0.75996
38.1	-0.76453
38.2	-0.76886
38.3	-0.77295
38.4	-0.7768
38.5	-0.78039
38.6	-0.78373
38.7	-0.78681
38.8	-0.78963
38.9	-0.79218
39	-0.79446
39.1	-0.79646
39.2	-0.79818
39.3	-0.79961
39.4	-0.80075
39.5	-0.8016
39.6	-0.80215
39.7	-0.80239
39.8	-0.80233
39.9	-0.80196
40	-0.80127
