0	0
0.1	0.0034359
0.2	0.0068695
0.3	0.010299
0.4	0.013721
0.5	0.017134
0.6	0.020536
0.7	0.023923
0.8	0.027294
0.9	0.030646
1	0.033976
1.1	0.037281
1.2	0.040559
1.3	0.043805
1.4	0.047018
1.5	0.050193
1.6	0.053327
1.7	0.056416
1.8	0.059456
1.9	0.062444
2	0.065374
2.1	0.068243
2.2	0.071045
2.3	0.073777
2.4	0.076432
2.5	0.079006
2.6	0.081492
2.7	0.083887
2.8	0.086183
2.9	0.088375
3	0.090457
3.1	0.092422
3.2	0.094265
3.3	0.095978
3.4	0.097555
3.5	0.09899
3.6	0.10028
3.7	0.1014
3.8	0.10237
3.9	0.10317
4	0.10379
4.1	0.10423
4.2	0.10448
4.3	0.10453
4.4	0.10438
4.5	0.10403
4.6	0.10346
4.7	0.10267
4.8	0.10167
4.9	0.10043
5	0.098965
5.1	0.097266
5.2	0.09533
5.3	0.093156
5.4	0.090744
5.5	0.088092
5.6	0.085203
5.7	0.082077
5.8	0.078719
5.9	0.075133
6	0.071324
6.1	0.0673
6.2	0.06307
6.3	0.058643
6.4	0.054034
6.5	0.049255
6.6	0.044323
6.7	0.039257
6.8	0.034748
6.9	0.030499
7	0.026173
7.1	0.021775
7.2	0.017314
7.3	0.012796
7.4	0.0082284
7.5	0.0036188
7.6	-0.0010253
7.7	-0.0056962
7.8	-0.010386
7.9	-0.015087
8	-0.019792
8.1	-0.024491
8.2	-0.029178
8.3	-0.033843
8.4	-0.03848
8.5	-0.04308
8.6	-0.047635
8.7	-0.052136
8.8	-0.056577
8.9	-0.060948
9	-0.065244
9.1	-0.069455
9.2	-0.073575
9.3	-0.077596
9.4	-0.081512
9.5	-0.085316
9.6	-0.089001
9.7	-0.092562
9.8	-0.095992
9.9	-0.099286
10	-0.10244
10.1	-0.10545
10.2	-0.10831
10.3	-0.11102
10.4	-0.11357
10.5	-0.11596
10.6	-0.1182
10.7	-0.12027
10.8	-0.12218
10.9	-0.12394
11	-0.12553
11.1	-0.12697
11.2	-0.12826
11.3	-0.1294
11.4	-0.13039
11.5	-0.13125
11.6	-0.13198
11.7	-0.13259
11.8	-0.13308
11.9	-0.13348
12	-0.1338
12.1	-0.13404
12.2	-0.13422
12.3	-0.13437
12.4	-0.1345
12.5	-0.13463
12.6	-0.13479
12.7	-0.135
12.8	-0.13528
12.9	-0.13567
13	-0.1362
13.1	-0.13689
13.2	-0.1378
13.3	-0.13895
13.4	-0.14038
13.5	-0.14215
13.6	-0.14429
13.7	-0.14685
13.8	-0.14989
13.9	-0.15347
14	-0.15764



