0	-0.9329499999999999
0.009338313552242726	-1.1619
0.03007294631392149	-0.73669
0.05933466524722293	-0.6903899999999999
0.09316007728635697	-0.75383
0.1269854893285056	-0.61669
0.1562472082950605	-0.70989
0.1769818411589167	-0.63305
0.1863201545727139	-0.68214
0.1863201545727139	-0.68214
0.1956584679997266	-0.66299
0.2164103188390055	-0.65991
0.2456806467754431	-0.6520899999999999
0.2795232772060317	-0.65074
0.3133659078457643	-0.64759
0.3426362358245258	-0.6451
0.3633880874492174	-0.64278
0.3727264009967634	-0.64223
0.3727264009967634	-0.64223
0.3820647145445389	-0.64094
0.4027891737621557	-0.63935
0.4320458054419694	-0.63737
0.4658610441966574	-0.63545
0.4996780052033509	-0.63426
0.5289329149334536	-0.63391
0.5496582361986402	-0.63446
0.5589956887132495	-0.63484
0.5589956887132495	-0.63484
0.5683374462728987	-0.63537
0.5890824105640908	-0.6371599999999999
0.6183561823091931	-0.64094
0.6521988136297091	-0.64736
0.6860414449579559	-0.6556999999999999
0.715311772655812	-0.66428
0.7360636250352276	-0.67083
0.745401938553959	-0.674
0.745401938553959	-0.674
0.7547402520735196	-0.6768
0.7754647126078659	-0.68413
0.8047213443173979	-0.69359
0.838536583876935	-0.70503
0.8723538577526897	-0.71494
0.90160591242793	-0.7238599999999999
0.9223349502843313	-0.72936
0.9316712295654515	-0.73378
0.9316712295654515	-0.73378
0.9410100515940306	-0.73121
0.9617619041639153	-0.74243
0.9910307060046122	-0.74377
1.024874354494247	-0.76793
1.058718002984742	-0.79136
1.087986804837724	-0.79367
1.108738657394519	-0.92414
1.11807747942618	-0.85279
