0	-0.83377
0.009336064481354042	-1.02
0.0300679264333276	-0.64907
0.05932929293359231	-0.69298
0.09314872516572627	-0.66343
0.1269681574253955	-0.62482
0.1562295240983598	-0.64595
0.1769613859009925	-0.61594
0.1862974503314525	-0.63873
0.1862974503314525	-0.63873
0.1956408955203385	-0.62806
0.2163801381827824	-0.62787
0.2456488862177071	-0.62482
0.2794830808832621	-0.62754
0.3133172757764883	-0.62738
0.3425860245252279	-0.6314
0.3633252674945688	-0.63182
0.3726687134708252	-0.6341599999999999
0.3726687134708252	-0.6341599999999999
0.3820081506002196	-0.63475
0.402746758056474	-0.63742
0.4320182446378857	-0.64114
0.4658511699030067	-0.6463100000000001
0.4996840959046026	-0.65159
0.5289555833196204	-0.6567
0.5496941923697212	-0.66018
0.5590336304731587	-0.66191
0.5590336304731587	-0.66191
0.5683696949169617	-0.6635799999999999
0.5891008820405891	-0.66729
0.6183615739063999	-0.67254
0.6521823556337599	-0.6785600000000001
0.6860017878985448	-0.68435
0.7152631545102824	-0.68911
0.7359950163554099	-0.69226
0.7453310807956421	-0.69364
0.7453310807956421	-0.69364
0.7546671452368919	-0.69495
0.7753990070924776	-0.69768
0.8046603736981212	-0.70117
0.8384798059583785	-0.70444
0.8723021904684181	-0.70692
0.9015583906486589	-0.70843
0.9222909905577524	-0.70925
0.9316285311217128	-0.71073
