-0.6184	-0.3428	-0.64057
-0.6184	-0.3428	-0.64057
-0.60738	-0.34075	-1.2093
-0.58292	-0.33618	-0.81416
-0.54841	-0.32974	-0.84381
-0.5085	-0.3223	-0.7154
-0.46859	-0.31486	-0.70726
-0.43408	-0.30842	-0.68004
-0.40962	-0.30385	-0.67685
-0.3986	-0.3018	-0.66459
-0.3986	-0.3018	-0.66459
-0.38758	-0.29974	-0.66625
-0.36312	-0.29518	-0.65521
-0.32861	-0.28874	-0.64471
-0.2887	-0.2813	-0.63431
-0.24879	-0.27386	-0.62527
-0.21428	-0.26742	-0.61944
-0.18982	-0.26286	-0.61476
-0.1788	-0.2608	-0.61313
-0.1788	-0.2608	-0.61313
-0.16778	-0.25875	-0.61144
-0.14332	-0.25418	-0.60773
-0.10881	-0.24774	-0.60256
-0.0689	-0.2403	-0.59718
-0.028993	-0.23286	-0.5919
0.005523	-0.22642	-0.5877
0.029983	-0.22185	-0.58469
0.041	-0.2198	-0.58328
0.041	-0.2198	-0.58328
0.052017	-0.21774	-0.5822
0.076477	-0.21318	-0.57914
0.11099	-0.20674	-0.57538
0.1509	-0.1993	-0.57073
0.19081	-0.19186	-0.56666
0.22532	-0.18542	-0.56269
0.24978	-0.18085	-0.56043
0.2608	-0.1788	-0.55725
0.2608	-0.1788	-0.55725
0.27182	-0.17675	-0.55974
0.29628	-0.17218	-0.55422
0.33079	-0.16574	-0.5535
0.3707	-0.1583	-0.54741
0.41061	-0.15086	-0.55504
0.44512	-0.14442	-0.56507
0.46958	-0.13986	-0.54571


