-0.7129	-0.2133	-1.1483
-0.7129	-0.2133	-1.1483
-0.7036	-0.21239	-1.7656
-0.68296	-0.21038	-1.0218
-0.65383	-0.20754	-0.96673
-0.62015	-0.20425	-1.0158
-0.58647	-0.20096	-0.81928
-0.55734	-0.19812	-0.89022
-0.5367	-0.19611	-0.8103
-0.5274	-0.1952	-0.86565
-0.5274	-0.1952	-0.86565
-0.51811	-0.1943	-0.83683
-0.49748	-0.19229	-0.82834
-0.46836	-0.18947	-0.80838
-0.4347	-0.1862	-0.79576
-0.40104	-0.18293	-0.78009
-0.37193	-0.1801	-0.77136
-0.35129	-0.1781	-0.76292
-0.342	-0.1772	-0.76152
-0.342	-0.1772	-0.76152
-0.3327	-0.17629	-0.75781
-0.31206	-0.17428	-0.752
-0.28293	-0.17144	-0.74391
-0.24925	-0.16815	-0.73569
-0.21557	-0.16486	-0.72781
-0.18644	-0.16202	-0.72151
-0.1658	-0.16001	-0.71702
-0.1565	-0.1591	-0.71515
-0.1565	-0.1591	-0.71515
-0.1472	-0.15819	-0.71322
-0.12656	-0.15618	-0.70902
-0.097429	-0.15334	-0.70321
-0.06375	-0.15005	-0.69665
-0.030071	-0.14676	-0.69019
-0.000941	-0.14392	-0.68466
0.019703	-0.14191	-0.68074
0.029	-0.141	-0.67895
0.029	-0.141	-0.67895
0.038292	-0.14009	-0.67722
0.058925	-0.13808	-0.67322
0.088039	-0.13524	-0.66761
0.1217	-0.13195	-0.66096
0.15536	-0.12866	-0.65435
0.18448	-0.12582	-0.6485
0.20511	-0.12381	-0.64453
0.2144	-0.1229	-0.64205
0.2144	-0.1229	-0.64205
0.2237	-0.122	-0.64194
0.24434	-0.12	-0.6364
0.27347	-0.11717	-0.63354
0.30715	-0.1139	-0.62725
0.34083	-0.11063	-0.63339
0.36996	-0.1078	-0.62999
0.3906	-0.1058	-0.62939


