0.4689	-0.0328	-0.85279
0.46086	-0.028049	-0.92414
0.44299	-0.017499	-0.79367
0.41779	-0.002612	-0.79136
0.38865	0.0146	-0.76793
0.35951	0.031812	-0.74377
0.33431	0.046699	-0.74243
0.31644	0.057249	-0.73121
0.3084	0.062	-0.73378
0.3084	0.062	-0.73378
0.30036	0.066746	-0.72936
0.28251	0.077285	-0.72386
0.25732	0.092156	-0.71494
0.2282	0.10935	-0.70503
0.19908	0.12654	-0.69359
0.17389	0.14142	-0.68413
0.15604	0.15195	-0.6768
0.148	0.1567	-0.674
0.148	0.1567	-0.674
0.13996	0.16145	-0.67083
0.12209	0.172	-0.66428
0.09689	0.18689	-0.6557
0.06775	0.2041	-0.64736
0.03861	0.22131	-0.64094
0.013406	0.2362	-0.63716
-0.004456	0.24675	-0.63537
-0.0125	0.2515	-0.63484
-0.0125	0.2515	-0.63484
-0.020539	0.25625	-0.63446
-0.03839	0.26678	-0.63391
-0.063578	0.28166	-0.63426
-0.0927	0.29885	-0.63545
-0.12182	0.31604	-0.63737
-0.14701	0.33092	-0.63935
-0.16486	0.34145	-0.64094
-0.1729	0.3462	-0.64223
-0.1729	0.3462	-0.64223
-0.18094	0.35095	-0.64278
-0.19881	0.3615	-0.6451
-0.22401	0.37639	-0.64759
-0.25315	0.3936	-0.65074
-0.28229	0.41081	-0.65209
-0.30749	0.4257	-0.65991
-0.32536	0.43625	-0.66299
-0.3334	0.441	-0.68214
-0.3334	0.441	-0.68214
-0.34144	0.44575	-0.63305
-0.35929	0.4563	-0.70989
-0.38448	0.47119	-0.61669
-0.4136	0.4884	-0.75383
-0.44272	0.50561	-0.69039
-0.46791	0.5205	-0.73669
-0.48576	0.53105	-1.1619
-0.4938	0.5358	-0.93295
