100	0.14	0.024998	0.025	0.024979	0.027378	3.9821	0.62546	40	63.662	-4.267	-3.2308
100	0.16	0.024999	0.025	0.02498	0.030096	3.9054	0.61342	40	63.662	-4.2229	-3.2242
100	0.18	0.024999	0.025	0.024981	0.032599	3.832	0.60196	40	63.662	-4.1426	-3.2114
100	0.2	0.024999	0.025	0.024982	0.034873	3.76	0.5906	40	63.662	-3.868	-3.2124
100	0.22	0.025	0.025	0.024983	0.036667	3.676	0.57742	40	63.662	-3.9015	-3.2084
100	0.24	0.025	0.025	0.024984	0.038257	3.5966	0.56484	40	63.662	-4.506	-3.2032
100	0.26	0.025	0.025	0.024985	0.039424	3.5056	0.55072	40	63.662	-3.5951	-3.2025
100	0.28	0.025	0.025	0.024986	0.040128	3.41	0.53561	40	63.662	-3.3675	-3.1958
100	0.3	0.025	0.025	0.024987	0.040089	3.2927	0.51717	40	63.662	-3.192	-3.2014
100	0.32	0.025	0.025	0.024988	0.038733	3.1338	0.49221	40	63.662	-2.8664	-3.2092
100	0.34	0.025012	0.025	0.024988	0.02058	2.6803	0.42149	40	63.662	-0.20097	-4.2022
100	0.36	0.025134	0.025	0.024989	5.6358e-06	0.052002	0.0086149	40	63.662	3.4742	-2.3327
100	0.38	0.025014	0.025	0.02499	7.3078e-08	0.0053968	0.00089555	40	63.662	5.0205	-3.021
100	0.4	0.025016	0.025	0.024991	5.9102e-09	0.0015065	0.00025048	40	63.662	5.6187	-2.3112
100	0.42	0.025024	0.025	0.024991	9.961e-10	0.00060755	0.0001012	40	63.662	5.9055	-3.3865
100	0.44	0.025034	0.025	0.024992	2.4158e-10	0.00029443	4.9093e-05	40	63.662	6.0829	-3.0566
100	0.46	0.025057	0.025	0.024992	7.2977e-11	0.00015849	2.648e-05	40	63.662	6.2454	-2.7412
100	0.48	0.025089	0.025	0.024993	2.5505e-11	9.2201e-05	1.5388e-05	40	63.662	6.3992	-2.5086
100	0.5	0.025137	0.025	0.024994	1.0156e-11	5.6238e-05	9.3834e-06	40	63.662	6.6131	-2.2919
100	0.52	0.025327	0.025	0.024994	3.7837e-12	3.6288e-05	6.0563e-06	40	63.662	6.8058	-2.6068
100	0.54	0.0252	0.025	0.024995	5.7425e-13	2.4446e-05	4.0785e-06	40	63.662	7.4088	-2.5975
100	0.56	0.025199	0.025	0.024995	4.2679e-13	1.7607e-05	2.9245e-06	40	63.662	7.3373	-2.6032
100	0.58	0.025198	0.025	0.024996	3.9407e-13	1.2962e-05	2.0912e-06	40	63.662	7.1838	-2.5958
100	0.6	0.025202	0.025	0.024996	3.4652e-13	1.0876e-05	1.6863e-06	40	63.662	7.0613	-2.6357
100	0.62	0.025198	0.025	0.024997	2.9079e-13	9.0375e-06	1.4619e-06	40	63.662	6.9669	-2.6147
100	0.64	0.025222	0.025	0.024997	2.5163e-13	7.2195e-06	1.1308e-06	40	63.662	6.8656	-2.8425
100	0.66	0.0252	0.025	0.024997	2.9275e-13	7.6511e-06	1.1253e-06	40	63.662	6.6413	-2.6431
100	0.68	0.025202	0.025	0.024998	2.7924e-13	7.174e-06	1.0709e-06	40	63.662	6.6088	-2.1083
100	0.7	0.025194	0.025	0.024998	3.0535e-13	7.2515e-06	1.0726e-06	40	63.662	6.4212	-2.0937
100	0.72	0.025204	0.025	0.024998	2.8118e-13	7.2149e-06	1.085e-06	40	63.662	6.3114	-2.1166
100	0.74	0.025202	0.025	0.024999	2.7325e-13	7.0741e-06	1.1082e-06	40	63.662	6.1813	-2.1165
100	0.76	0.0252	0.025	0.024999	2.9959e-13	6.8848e-06	1.062e-06	40	63.662	6.001	-2.1121
100	0.78	0.025208	0.025	0.024999	2.9599e-13	7.0577e-06	1.0927e-06	40	63.662	5.8683	-2.1318
100	0.8	0.025206	0.025	0.024999	3.0079e-13	6.7789e-06	1.0076e-06	40	63.662	5.7251	-2.1292
