100	0.14	0.024998	0.025	0.024979	0.004537	1.6215	0.25466	40	63.662	-3.6884	-3.2386
100	0.16	0.024998	0.025	0.02498	0.0049796	1.589	0.24959	40	63.662	-3.6584	-3.2351
100	0.18	0.024998	0.025	0.024981	0.0053761	1.5566	0.2445	40	63.662	-3.5717	-3.2332
100	0.2	0.024999	0.025	0.024982	0.0057298	1.5245	0.23947	40	63.662	-3.5584	-3.2292
100	0.22	0.024999	0.025	0.024983	0.0060427	1.4926	0.23447	40	63.662	-3.5313	-3.2269
100	0.24	0.024999	0.025	0.024984	0.0063151	1.461	0.22945	40	63.662	-3.4175	-3.2248
100	0.26	0.024999	0.025	0.024985	0.0065485	1.4293	0.22449	40	63.662	-3.3252	-3.2221
100	0.28	0.024999	0.025	0.024986	0.0067465	1.3981	0.2196	40	63.662	-3.3435	-3.2231
100	0.3	0.024999	0.025	0.024987	0.006911	1.367	0.21472	40	63.662	-3.2935	-3.2233
100	0.32	0.024999	0.025	0.024988	0.0070383	1.3357	0.20978	40	63.662	-3.1978	-3.2228
100	0.34	0.024999	0.025	0.024988	0.0071198	1.3035	0.20471	40	63.662	-2.9785	-3.2194
100	0.36	0.024999	0.025	0.024989	0.0071625	1.2704	0.19953	40	63.662	-2.9637	-3.2139
100	0.38	0.025	0.025	0.02499	0.0071691	1.2369	0.19428	40	63.662	-2.8441	-3.2103
100	0.4	0.025	0.025	0.024991	0.0071506	1.204	0.18912	40	63.662	-2.8183	-3.2079
100	0.42	0.025	0.025	0.024991	0.0071192	1.1724	0.18416	40	63.662	-2.8036	-3.2054
100	0.44	0.025	0.025	0.024992	0.0070722	1.1417	0.17933	40	63.662	-2.7741	-3.203
100	0.46	0.025	0.025	0.024992	0.0070078	1.1115	0.17459	40	63.662	-2.7342	-3.2006
100	0.48	0.025	0.025	0.024993	0.0069248	1.0816	0.1699	40	63.662	-2.6877	-3.1986
100	0.5	0.025	0.025	0.024994	0.0068222	1.0519	0.16523	40	63.662	-2.6287	-3.1966
100	0.52	0.025	0.025	0.024994	0.0066991	1.0221	0.16055	40	63.662	-2.5558	-3.1947
100	0.54	0.025001	0.025	0.024995	0.006555	0.99214	0.15585	40	63.662	-2.4777	-3.1928
100	0.56	0.025001	0.025	0.024995	0.0063891	0.96185	0.15109	40	63.662	-2.3904	-3.1914
100	0.58	0.025001	0.025	0.024996	0.0062009	0.93111	0.14626	40	63.662	-2.2935	-3.1897
100	0.6	0.025001	0.025	0.024996	0.0059897	0.89974	0.14133	40	63.662	-2.1887	-3.1886
100	0.62	0.025001	0.025	0.024997	0.005755	0.8676	0.13628	40	63.662	-2.076	-3.1873
100	0.64	0.025001	0.025	0.024997	0.005496	0.83455	0.13109	40	63.662	-1.9556	-3.1868
100	0.66	0.025001	0.025	0.024997	0.0052108	0.80035	0.12572	40	63.662	-1.8247	-3.1877
100	0.68	0.025001	0.025	0.024998	0.0049028	0.76501	0.12017	40	63.662	-1.6946	-3.1883
100	0.7	0.025001	0.025	0.024998	0.004568	0.72814	0.11438	40	63.662	-1.5544	-3.1872
100	0.72	0.025001	0.025	0.024998	0.0042066	0.68954	0.10832	40	63.662	-1.4061	-3.1862
100	0.74	0.025001	0.025	0.024999	0.0038183	0.64901	0.10196	40	63.662	-1.2511	-3.1854
100	0.76	0.025001	0.025	0.024999	0.0034037	0.60637	0.095266	40	63.662	-1.0887	-3.1847
100	0.78	0.025001	0.025	0.024999	0.0029648	0.5615	0.088226	40	63.662	-0.91912	-3.1842
100	0.8	0.025001	0.025	0.024999	0.0025063	0.51444	0.080846	40	63.662	-0.74226	-3.1837
