100	0.02	0.024998	0.025	0.024973	0.0038469	3.9495	0.62043	40	63.662	-2.6781	-3.2365
100	0.04	0.024999	0.025	0.024974	0.007523	3.9045	0.61351	40	63.662	-3.1958	-3.2275
100	0.06	0.024997	0.025	0.024975	0.010823	3.8243	0.60075	40	63.662	-3.4835	-3.2555
100	0.08	0.024995	0.025	0.024976	0.014097	3.7849	0.59426	40	63.662	-4.0678	-3.3204
100	0.1	0.024993	0.025	0.024977	0.017171	3.7392	0.58755	40	63.662	-3.1396	-3.3806
100	0.12	0.024992	0.025	0.024978	0.020165	3.7008	0.58112	40	63.662	-4.0235	-3.4011
100	0.14	0.024995	0.025	0.024979	0.022539	3.615	0.56784	40	63.662	-3.9843	-3.3028
100	0.16	0.024996	0.025	0.02498	0.025189	3.5776	0.56198	40	63.662	-3.507	-3.2978
100	0.16667	0.024996	0.025	0.024981	0.026011	3.5623	0.55946	40	63.662	-3.5307	-3.2702
100	0.17333	0.024995	0.025	0.024981	0.026829	3.5472	0.55713	40	63.662	-3.2026	-3.3382
100	0.18	0.024994	0.025	0.024981	0.027605	3.5294	0.55434	40	63.662	-3.9458	-3.324
100	0.18667	0.024994	0.025	0.024982	0.028317	3.5108	0.55131	40	63.662	-4.8624	-3.3248
100	0.19333	0.024993	0.025	0.024982	0.029032	3.4887	0.54832	40	63.662	-3.5487	-3.3589
100	0.2	0.024992	0.025	0.024982	0.029657	3.47	0.54491	40	63.662	-3.6431	-3.3906
100	0.20667	0.024991	0.025	0.024983	0.030183	3.4416	0.54067	40	63.662	-3.2417	-3.4282
100	0.21333	0.024991	0.025	0.024983	0.030477	3.4042	0.53474	40	63.662	-2.7023	-3.4428
100	0.22	0.024991	0.025	0.024983	0.030094	3.3376	0.52425	40	63.662	-1.8384	-3.4699
100	0.22	0.024991	0.025	0.024983	0.030094	3.3376	0.52425	40	63.662	-1.8384	-3.4699
100	0.24	0.026864	0.025	0.024984	3.4459e-10	0.00036863	6.5064e-05	40	63.662	7.8109	-1.1681
100	0.26	0.025238	0.025	0.024985	8.2848e-14	1.2404e-05	2.14e-06	40	63.662	11.165	-2.0805
100	0.28	0.025248	0.025	0.024986	7.191e-14	6.8027e-06	1.0369e-06	40	63.662	10.641	-2.1767
100	0.3	0.025243	0.025	0.024987	8.22e-14	6.2831e-06	9.493e-07	40	63.662	9.8415	-1.1926
