0.2741	0.0327	-0.71073
0.2678	0.039592	-0.70925
0.25381	0.054893	-0.70843
0.23407	0.076486	-0.70692
0.21125	0.10145	-0.70444
0.18843	0.12641	-0.70117
0.16869	0.14801	-0.69768
0.1547	0.16331	-0.69495
0.1484	0.1702	-0.69364
0.1484	0.1702	-0.69364
0.1421	0.17709	-0.69226
0.12811	0.19239	-0.68911
0.10837	0.21399	-0.68435
0.08555	0.23895	-0.67856
0.062728	0.26391	-0.67254
0.042989	0.28551	-0.66729
0.029	0.30081	-0.66358
0.0227	0.3077	-0.66191
0.0227	0.3077	-0.66191
0.016395	0.31459	-0.66018
0.002395	0.32989	-0.6567
-0.01736	0.35149	-0.65159
-0.0402	0.37645	-0.64631
-0.06304	0.40141	-0.64114
-0.082795	0.42301	-0.63742
-0.096795	0.43831	-0.63475
-0.1031	0.4452	-0.63416
-0.1031	0.4452	-0.63416
-0.1094	0.4521	-0.63182
-0.12339	0.46741	-0.6314
-0.14313	0.48902	-0.62738
-0.16595	0.514	-0.62754
-0.18877	0.53898	-0.62482
-0.20851	0.56059	-0.62787
-0.2225	0.5759	-0.62806
-0.2288	0.5828	-0.63873
-0.2288	0.5828	-0.63873
-0.2351	0.58969	-0.61594
-0.24909	0.60499	-0.64595
-0.26883	0.62659	-0.62482
-0.29165	0.65155	-0.66343
-0.31447	0.67651	-0.69298
-0.33421	0.69811	-0.64907
-0.3482	0.71341	-1.02
-0.3545	0.7203	-0.83377
