-0.5636	-0.4618	-0.79325
-0.5636	-0.4618	-0.79325
-0.55497	-0.45822	-1.1707
-0.53582	-0.45026	-0.65634
-0.5088	-0.43903	-0.69631
-0.47755	-0.42605	-0.66523
-0.4463	-0.41307	-0.59052
-0.41928	-0.40184	-0.62423
-0.40013	-0.39388	-0.58296
-0.3915	-0.3903	-0.61098
-0.3915	-0.3903	-0.61098
-0.38287	-0.38672	-0.59534
-0.36372	-0.37876	-0.59165
-0.3367	-0.36753	-0.58194
-0.30545	-0.35455	-0.57907
-0.2742	-0.34157	-0.57318
-0.24718	-0.33034	-0.57231
-0.22803	-0.32238	-0.56836
-0.2194	-0.3188	-0.56893
-0.2194	-0.3188	-0.56893
-0.21078	-0.31522	-0.56742
-0.19164	-0.30726	-0.56556
-0.16463	-0.29603	-0.56246
-0.1334	-0.28305	-0.55962
-0.10217	-0.27007	-0.55656
-0.075162	-0.25884	-0.55443
-0.056021	-0.25088	-0.55268
-0.0474	-0.2473	-0.55213
-0.0474	-0.2473	-0.55213
-0.038774	-0.24372	-0.55148
-0.019622	-0.23576	-0.5502
0.007404	-0.22453	-0.54861
0.03865	-0.21155	-0.54742
0.069896	-0.19857	-0.54682
0.096922	-0.18734	-0.54699
0.11607	-0.17938	-0.54736
0.1247	-0.1758	-0.54766
0.1247	-0.1758	-0.54766
0.13333	-0.17222	-0.5479
0.15248	-0.16426	-0.54896
0.1795	-0.15303	-0.55044
0.21075	-0.14005	-0.55305
0.242	-0.12707	-0.55591
0.26902	-0.11584	-0.55929
0.28817	-0.10788	-0.56176
0.2968	-0.1043	-0.56186
0.2968	-0.1043	-0.56186
0.30543	-0.10072	-0.56642
0.32458	-0.092759	-0.56563
0.3516	-0.081531	-0.57518
0.38285	-0.06855	-0.5776
0.4141	-0.055569	-0.62721
0.44112	-0.044341	-0.62475
0.46027	-0.036384	-0.68182
0.4689	-0.0328	-0.85279
