0	-0.8278
0.009342205307099597	-1.0359
0.0300648499081568	-0.66513
0.05931635946347344	-0.71669
0.09313946531948737	-0.66965
0.1269625712562564	-0.64738
0.1562067159247642	-0.65346
0.1769367254133522	-0.63431
0.1862789306389748	-0.64707
0.1862789306389748	-0.64707
0.1956211358723796	-0.64005
0.2163585108101828	-0.638
0.2456173870067019	-0.6342
0.279455224499382	-0.6343299999999999
0.3132930621638468	-0.63265
0.3425512027726658	-0.63514
0.3632878422463378	-0.63511
0.3726315204058829	-0.63697
0.3726315204058829	-0.63697
0.3819715153372041	-0.63753
0.4027068145996538	-0.63988
0.4319681685031895	-0.6435
0.4658048008554656	-0.64896
0.4996346702341621	-0.65501
0.5289027892959158	-0.66105
0.5496380897727158	-0.6653
0.5589780854380608	-0.66737
0.5589780854380608	-0.66737
0.5683180811209512	-0.66943
0.5890466175312442	-0.67396
0.6182944448238233	-0.68042
0.6521175507529298	-0.68775
0.6859406566897751	-0.69486
0.7151921666237683	-0.70068
0.7359215749657023	-0.70462
0.7452570160689531	-0.70634
0.7452570160689531	-0.70634
0.7545992213089011	-0.7081
0.7753453893646366	-0.71145
0.804619145574476	-0.71628
0.8384671281570912	-0.7209100000000001
0.8723151107398059	-0.72523
0.901588866950452	-0.72837
0.9223350350062606	-0.73082
0.931677240250077	-0.7347900000000001
