0	-0.79325
0	-0.79325
0.009343088354500361	-1.1707
0.03008155581082869	-0.65634
0.05934233648922155	-0.69631
0.09318081884164789	-0.66523
0.1270193012892135	-0.59052
0.1562800819042529	-0.62423
0.1770185507227985	-0.58296
0.1863616376832957	-0.61098
0.1863616376832957	-0.61098
0.1957047247768944	-0.59534
0.2164431934711739	-0.59165
0.245703974123334	-0.58194
0.2795424565249436	-0.57907
0.3133809389544935	-0.57318
0.3426417195847581	-0.57231
0.3633801883702522	-0.56836
0.3727232753665914	-0.56893
0.3727232753665914	-0.56893
0.3820571276654841	-0.56742
0.4027863617353497	-0.56556
0.4320379078275424	-0.56246
0.4658579209372746	-0.55962
0.499677934073539	-0.5565600000000001
0.5289276334660536	-0.55443
0.5496577913947914	-0.5526799999999999
0.5589925670346609	-0.55213
0.5589925670346609	-0.55213
0.5683319599283503	-0.55148
0.5890722757726763	-0.5502
0.6183385973040983	-0.54861
0.6521733856881925	-0.54742
0.6860081740883266	-0.54682
0.7152744956196886	-0.54699
0.7360111176470094	-0.54736
0.745354204388759	-0.54766
0.745354204388759	-0.54766
0.7546972911704402	-0.5479000000000001
0.7754357600730057	-0.54896
0.804696540877367	-0.55044
0.8385350231206804	-0.55305
0.872373505386311	-0.55591
0.9016342861715053	-0.55929
0.9223727550724814	-0.56176
0.9317158418745493	-0.56186
0.9317158418745493	-0.56186
0.9410589287074428	-0.56642
0.9617977812830512	-0.56563
0.9910577946623497	-0.57518
1.024896660644379	-0.5776
1.058735526635902	-0.62721
1.087995540009701	-0.62475
1.108732857795781	-0.68182
1.11807747942618	-0.85279
