0.3434	-0.0118	-0.73479
0.33652	-0.00548	-0.73082
0.32124	0.008553	-0.72837
0.29968	0.028355	-0.72523
0.27475	0.05125	-0.72091
0.24982	0.074145	-0.71628
0.22826	0.093947	-0.71145
0.21298	0.10798	-0.7081
0.2061	0.1143	-0.70634
0.2061	0.1143	-0.70634
0.19922	0.12061	-0.70462
0.18396	0.13464	-0.70068
0.16241	0.15442	-0.69486
0.1375	0.1773	-0.68775
0.11259	0.20018	-0.68042
0.091045	0.21996	-0.67396
0.075777	0.23398	-0.66943
0.0689	0.2403	-0.66737
0.0689	0.2403	-0.66737
0.062023	0.24662	-0.6653
0.046755	0.26065	-0.66105
0.02521	0.28046	-0.65501
0.0003	0.30335	-0.64896
-0.02461	0.32625	-0.6435
-0.046155	0.34605	-0.63988
-0.061423	0.36008	-0.63753
-0.0683	0.3664	-0.63697
-0.0683	0.3664	-0.63697
-0.075182	0.37272	-0.63511
-0.090461	0.38674	-0.63514
-0.11202	0.40652	-0.63265
-0.13695	0.4294	-0.63433
-0.16188	0.45228	-0.6342
-0.18344	0.47206	-0.638
-0.19872	0.48608	-0.64005
-0.2056	0.4924	-0.64707
-0.2056	0.4924	-0.64707
-0.21248	0.49872	-0.63431
-0.22775	0.51274	-0.65346
-0.24929	0.53252	-0.64738
-0.2742	0.5554	-0.66965
-0.29911	0.57828	-0.71669
-0.32066	0.59806	-0.66513
-0.33592	0.61208	-1.0359
-0.3428	0.6184	-0.8278
