0	-1.1483
0	-1.1483
0.009344415444531537	-1.7656
0.03008205445111749	-1.0218
0.05935016849175741	-0.96673
0.09319047698128816	-1.0158
0.1270307856387576	-0.81928
0.1562988995482694	-0.89022
0.1770365388839265	-0.8103
0.1863809539625763	-0.86565
0.1863809539625763	-0.86565
0.1957144453023333	-0.83683
0.2164421319891301	-0.82834
0.2456983526603302	-0.80838
0.2795168152365793	-0.79576
0.3133352780968016	-0.78009
0.3425825169211062	-0.77136
0.3633191876298305	-0.76292
0.3726526801191694	-0.76152
0.3726526801191694	-0.76152
0.381997094360677	-0.75781
0.4027347340371823	-0.752
0.4320028477915394	-0.74391
0.4658431549352207	-0.73569
0.4996834623038869	-0.72781
0.5289515762335906	-0.72151
0.5496892159211421	-0.71702
0.5590336304731586	-0.71515
0.5590336304731586	-0.71515
0.5683780450545218	-0.71322
0.5891156847343313	-0.70902
0.6183847939923813	-0.70321
0.6522241064235513	-0.69665
0.6860634189643112	-0.69019
0.7153315329838327	-0.68466
0.7360731537754927	-0.68074
0.7454145826317057	-0.6789500000000001
0.7454145826317057	-0.6789500000000001
0.7547510350864051	-0.67722
0.7754817077307496	-0.67322
0.80473389721137	-0.66761
0.8385552948374961	-0.66096
0.8723756972772683	-0.65435
0.9016338585035502	-0.6485
0.9223615452738693	-0.64453
0.9316960072899314	-0.64205
0.9316960072899314	-0.64205
0.9410394518828634	-0.64194
0.9617761213504938	-0.6364
0.9910432653522246	-0.63354
1.024881633409439	-0.62725
1.058720001605713	-0.63339
1.08798714587995	-0.62999
1.108723815925319	-0.62939
1.118067260946317	-0.70316
1.118067260946317	-0.70316
