0	-0.64057
0	-0.64057
0.01120905437581593	-1.2093
0.03609230943012649	-0.81416
0.07119805966457232	-0.8438099999999999
0.1117956170876122	-0.7154
0.1523931747159301	-0.70726
0.1874989247969171	-0.68004
0.2123821812205534	-0.67685
0.2235912341752243	-0.66459
0.2235912341752243	-0.66459
0.2348021209444242	-0.66625
0.2596835435679357	-0.65521
0.2947892937336767	-0.64471
0.3353868512628364	-0.63431
0.375984408852282	-0.62527
0.4110901589675919	-0.61944
0.435971581642657	-0.61476
0.4471824683504487	-0.61313
0.4471824683504487	-0.61313
0.4583915214093733	-0.61144
0.4832747777403658	-0.60773
0.5183805278943259	-0.60256
0.5589780854380608	-0.59718
0.5995726938820679	-0.5919
0.6346843422749612	-0.5877
0.6595675986500549	-0.58469
0.6707737025256729	-0.58328
0.6707737025256729	-0.58328
0.6819816401407005	-0.5822000000000001
0.7068630627844406	-0.57914
0.7419717620637594	-0.57538
0.7825693196132851	-0.57073
0.8231668771883378	-0.5666600000000001
0.8582726273160527	-0.56269
0.8831558836921146	-0.56043
0.8943649367008973	-0.55725
0.8943649367008973	-0.55725
0.9055739897435218	-0.55974
0.9304572460892547	-0.55422
0.9655629962358748	-0.5535
1.006160553788509	-0.54741
1.046758111360977	-0.55504
1.0818638614909	-0.56507
1.106745284155302	-0.54571
