-0.131700 0.542500 0.000000 0.000000 0.000000 0.000000
-0.128156 0.562598 0.020408 0.538158 0.393693 0.666789
-0.124612 0.582696 0.040816 0.798114 0.547410 0.967803
-0.121068 0.602794 0.061224 0.966004 0.625917 1.151058
-0.117525 0.622892 0.081633 1.061940 0.655499 1.247957
-0.113981 0.642991 0.102041 1.110687 0.648898 1.286349
-0.110437 0.663089 0.122449 1.139536 0.623258 1.298843
-0.106893 0.683187 0.142857 1.161098 0.593548 1.304012
-0.103349 0.703285 0.163265 1.174376 0.566724 1.303969
-0.099805 0.723383 0.183673 1.176964 0.542105 1.295809
-0.096262 0.743481 0.204082 1.173949 0.516706 1.282631
-0.092718 0.763579 0.224490 1.173601 0.490968 1.272159
-0.089174 0.783677 0.244898 1.167212 0.466888 1.257127
-0.085630 0.803776 0.265306 1.166621 0.442966 1.247887
-0.082086 0.823874 0.285714 1.161563 0.421708 1.235745
-0.078542 0.843972 0.306122 1.157152 0.401680 1.224887
-0.074999 0.864070 0.326531 1.153802 0.383157 1.215759
-0.071455 0.884168 0.346939 1.150899 0.366406 1.207817
-0.067911 0.904266 0.367347 1.147889 0.351281 1.200436
-0.064367 0.924364 0.387755 1.144594 0.337360 1.193276
-0.060823 0.944462 0.408163 1.141138 0.324220 1.186303
-0.057279 0.964560 0.428571 1.137735 0.311639 1.179644
-0.053736 0.984659 0.448980 1.134518 0.299643 1.173421
-0.050192 1.004757 0.469388 1.131474 0.288386 1.167647
-0.046648 1.024855 0.489796 1.128507 0.277957 1.162234
-0.043104 1.044953 0.510204 1.125566 0.268224 1.157084
-0.039560 1.065051 0.530612 1.122717 0.258874 1.152176
-0.036016 1.085149 0.551020 1.120000 0.249856 1.147531
-0.032472 1.105247 0.571429 1.117145 0.241665 1.142985
-0.028929 1.125345 0.591837 1.114638 0.233606 1.138855
-0.025385 1.145444 0.612245 1.112169 0.226216 1.134942
-0.021841 1.165542 0.632653 1.109680 0.219179 1.131118
-0.018297 1.185640 0.653061 1.107201 0.212415 1.127393
-0.014753 1.205738 0.673469 1.104781 0.205931 1.123810
-0.011209 1.225836 0.693878 1.102450 0.199751 1.120400
-0.007666 1.245934 0.714286 1.100212 0.193875 1.117164
-0.004122 1.266032 0.734694 1.098053 0.188282 1.114079
-0.000578 1.286130 0.755102 1.095950 0.182938 1.111114
0.002966 1.306228 0.775510 1.093887 0.177811 1.108244
0.006510 1.326327 0.795918 1.091857 0.172878 1.105459
0.010054 1.346425 0.816327 1.089871 0.168135 1.102764
0.013597 1.366523 0.836735 1.087948 0.163590 1.100179
0.017141 1.386621 0.857143 1.086106 0.159252 1.097720
0.020685 1.406719 0.877551 1.084351 0.155121 1.095390
0.024229 1.426817 0.897959 1.082666 0.151175 1.093170
0.027773 1.446915 0.918367 1.081014 0.147375 1.091014
0.031317 1.467013 0.938776 1.079356 0.143692 1.088879
0.034860 1.487112 0.959184 1.077696 0.140160 1.086772
0.038404 1.507210 0.979592 1.076111 0.136815 1.084773
0.041948 1.527308 1.000000 1.074602 0.133548 1.082868
