-0.493800 0.535800 0.000000 0.000002 0.000002 0.000003
-0.492376 0.556158 0.020408 0.398264 0.452720 0.602967
-0.490953 0.576517 0.040816 0.631096 0.621789 0.885947
-0.489529 0.596875 0.061224 0.813702 0.761032 1.114127
-0.488106 0.617234 0.081633 0.959642 0.836259 1.272888
-0.486682 0.637592 0.102041 1.041452 0.864807 1.353703
-0.485258 0.657951 0.122449 1.079856 0.840588 1.368458
-0.483835 0.678309 0.142857 1.093473 0.807253 1.359169
-0.482411 0.698668 0.163265 1.108640 0.770439 1.350059
-0.480988 0.719026 0.183673 1.120362 0.736405 1.340710
-0.479564 0.739385 0.204082 1.127400 0.704212 1.329265
-0.478140 0.759743 0.224490 1.131456 0.673007 1.316484
-0.476717 0.780101 0.244898 1.134398 0.643882 1.304393
-0.475293 0.800460 0.265306 1.136857 0.617325 1.293651
-0.473870 0.820818 0.285714 1.138909 0.592859 1.283977
-0.472446 0.841177 0.306122 1.140557 0.570026 1.275068
-0.471022 0.861535 0.326531 1.141790 0.548659 1.266772
-0.469599 0.881894 0.346939 1.142665 0.528678 1.259041
-0.468175 0.902252 0.367347 1.143386 0.510044 1.251989
-0.466752 0.922611 0.387755 1.144137 0.492753 1.245735
-0.465328 0.942969 0.408163 1.144772 0.476533 1.239995
-0.463904 0.963327 0.428571 1.145132 0.460915 1.234411
-0.462481 0.983686 0.448980 1.145106 0.445774 1.228813
-0.461057 1.004044 0.469388 1.145070 0.432158 1.223906
-0.459634 1.024403 0.489796 1.145002 0.418615 1.219126
-0.458210 1.044761 0.510204 1.144666 0.406200 1.214602
-0.456786 1.065120 0.530612 1.144262 0.394286 1.210288
-0.455363 1.085478 0.551020 1.143855 0.382785 1.206204
-0.453939 1.105837 0.571429 1.143404 0.371762 1.202323
-0.452516 1.126195 0.591837 1.142837 0.361253 1.198574
-0.451092 1.146554 0.612245 1.142120 0.351237 1.194908
-0.449668 1.166912 0.632653 1.141275 0.341661 1.191319
-0.448245 1.187270 0.653061 1.140361 0.332480 1.187841
-0.446821 1.207629 0.673469 1.139438 0.323672 1.184518
-0.445398 1.227987 0.693878 1.138537 0.315228 1.181370
-0.443974 1.248346 0.714286 1.137643 0.307133 1.178373
-0.442550 1.268704 0.734694 1.136711 0.299356 1.175469
-0.441127 1.289063 0.755102 1.135691 0.291852 1.172592
-0.439703 1.309421 0.775510 1.134559 0.284585 1.169706
-0.438280 1.329780 0.795918 1.133345 0.277555 1.166837
-0.436856 1.350138 0.816327 1.132127 0.270812 1.164066
-0.435432 1.370496 0.836735 1.130990 0.264422 1.161489
-0.434009 1.390855 0.857143 1.129937 0.258345 1.159095
-0.432585 1.411213 0.877551 1.128757 0.252183 1.156585
-0.431162 1.431572 0.897959 1.127612 0.246465 1.154233
-0.429738 1.451930 0.918367 1.126392 0.240963 1.151878
-0.428314 1.472289 0.938776 1.125135 0.235578 1.149533
-0.426891 1.492647 0.959184 1.123883 0.230345 1.147246
-0.425467 1.513006 0.979592 1.122647 0.225289 1.145029
-0.424044 1.533364 1.000000 1.121421 0.220418 1.142877
