-0.563600 -0.461800 0.000000 0.000000 -0.000000 0.000000
-0.565024 -0.482158 0.020408 0.462228 -0.535123 0.707115
-0.566447 -0.502517 0.040816 0.697753 -0.737277 1.015104
-0.567871 -0.522875 0.061224 0.872988 -0.850711 1.218942
-0.569294 -0.543234 0.081633 0.976009 -0.886528 1.318531
-0.570718 -0.563592 0.102041 1.016603 -0.864638 1.334571
-0.572142 -0.583951 0.122449 1.031256 -0.804927 1.308204
-0.573565 -0.604309 0.142857 1.033802 -0.754385 1.279782
-0.574989 -0.624668 0.163265 1.045188 -0.715642 1.266713
-0.576412 -0.645026 0.183673 1.057251 -0.676006 1.254896
-0.577836 -0.665385 0.204082 1.059616 -0.644556 1.240258
-0.579260 -0.685743 0.224490 1.060900 -0.610557 1.224046
-0.580683 -0.706101 0.244898 1.063520 -0.581795 1.212254
-0.582107 -0.726460 0.265306 1.065963 -0.556863 1.202653
-0.583530 -0.746818 0.285714 1.067747 -0.533397 1.193565
-0.584954 -0.767177 0.306122 1.069108 -0.511053 1.184976
-0.586378 -0.787535 0.326531 1.070209 -0.490433 1.177231
-0.587801 -0.807894 0.346939 1.071041 -0.471734 1.170326
-0.589225 -0.828252 0.367347 1.071648 -0.454551 1.164064
-0.590648 -0.848611 0.387755 1.072201 -0.438415 1.158371
-0.592072 -0.868969 0.408163 1.072802 -0.423172 1.153247
-0.593496 -0.889327 0.428571 1.073262 -0.408837 1.148494
-0.594919 -0.909686 0.448980 1.073230 -0.395257 1.143701
-0.596343 -0.930044 0.469388 1.072989 -0.382352 1.139078
-0.597766 -0.950403 0.489796 1.073226 -0.370549 1.135394
-0.599190 -0.970761 0.510204 1.073200 -0.359160 1.131705
-0.600614 -0.991120 0.530612 1.073077 -0.348379 1.128212
-0.602037 -1.011478 0.551020 1.072820 -0.338145 1.124849
-0.603461 -1.031837 0.571429 1.072486 -0.328398 1.121638
-0.604884 -1.052195 0.591837 1.072121 -0.319111 1.118604
-0.606308 -1.072554 0.612245 1.071740 -0.310263 1.115746
-0.607732 -1.092912 0.632653 1.071333 -0.301832 1.113040
-0.609155 -1.113270 0.653061 1.070887 -0.293787 1.110455
-0.610579 -1.133629 0.673469 1.070394 -0.286092 1.107968
-0.612002 -1.153987 0.693878 1.069858 -0.278720 1.105568
-0.613426 -1.174346 0.714286 1.069288 -0.271649 1.103254
-0.614850 -1.194704 0.734694 1.068697 -0.264867 1.101030
-0.616273 -1.215063 0.755102 1.068098 -0.258365 1.098902
-0.617697 -1.235421 0.775510 1.067496 -0.252136 1.096869
-0.619120 -1.255780 0.795918 1.066892 -0.246164 1.094922
-0.620544 -1.276138 0.816327 1.066275 -0.240425 1.093044
-0.621968 -1.296496 0.836735 1.065626 -0.234893 1.091208
-0.623391 -1.316855 0.857143 1.064930 -0.229547 1.089389
-0.624815 -1.337213 0.877551 1.064195 -0.224401 1.087597
-0.626238 -1.357572 0.897959 1.063491 -0.219487 1.085904
-0.627662 -1.377930 0.918367 1.062819 -0.214685 1.084285
-0.629086 -1.398289 0.938776 1.062160 -0.210085 1.082738
-0.630509 -1.418647 0.959184 1.061503 -0.205667 1.081244
-0.631933 -1.439006 0.979592 1.060839 -0.201414 1.079791
-0.633356 -1.459364 1.000000 1.060165 -0.197307 1.078369
