17.546	0.62832	0.033371	0.033333	0.033333	0.0027781	0.44922	0.09404	30	20	-7.6059	-7.167
12.891	0.53856	0.028525	0.028571	0.028568	0.0028786	0.57716	0.10351	35	20	-4.0339	-5.9859
9.8696	0.47124	0.024963	0.025	0.02499	0.0028442	0.701	0.10985	40	20	-13.188	-8.5635
7.7982	0.41888	0.022161	0.022222	0.022203	0.0027582	0.8251	0.11479	45	20	-4.2371	-6.7317
6.3165	0.37699	0.019913	0.02	0.01997	0.0026547	0.94953	0.11871	50	20	-4.1887	-5.8269
5.2203	0.34272	0.018077	0.018182	0.018141	0.0025449	1.074	0.12179	55	20	-14.028	-7.7808
4.3865	0.31416	0.01654	0.016667	0.016613	0.0024446	1.2025	0.12487	60	20	-3.7632	-4.4646
3.7376	0.28999	0.015256	0.015385	0.015318	0.0023467	1.3303	0.12724	65	20	-8.751	-7.9898
3.2227	0.26928	0.014132	0.014286	0.014205	0.0022524	1.4592	0.12922	70	20	-4.9519	-4.0296
2.8074	0.25133	0.013175	0.013333	0.013239	0.0021655	1.5916	0.13128	75	20	-4.8875	-3.2255
2.4674	0.23562	0.012321	0.0125	0.012391	0.0020823	1.7234	0.13285	80	20	-3.1359	-4.086
2.1857	0.22176	0.01157	0.011765	0.011641	0.0020072	1.8582	0.13443	85	20	-4.3881	-6.6232
1.9496	0.20944	0.010896	0.011111	0.010972	0.0019336	1.9928	0.1358	90	20	-5.2814	-4.1825
1.7497	0.19842	0.010299	0.010526	0.010372	0.0018668	2.1295	0.13705	95	20	-5.4164	-5.6982
1.5791	0.1885	0.0097509	0.01	0.00983	0.0018048	2.2687	0.13826	100	20	-4.762	-4.0189
1.4323	0.17952	0.0092685	0.0095238	0.009338	0.0017462	2.4104	0.13938	105	20	-4.0716	-5.1668
1.3051	0.17136	0.008814	0.0090909	0.0088892	0.001688	2.5452	0.14009	110	20	-5.2885	-9.3419
1.1941	0.16391	0.0084088	0.0086957	0.0084778	0.0016337	2.6851	0.14095	115	20	-5.3087	-7.208
1.0966	0.15708	0.0080299	0.0083333	0.0080993	0.0015857	2.8323	0.14182	120	20	-4.8211	-6.9251
1.0106	0.1508	0.0076791	0.008	0.0077495	0.001539	2.9769	0.14261	125	20	-6.2301	-5.4949
0.9344	0.145	0.0073758	0.0076923	0.0074252	0.0014936	3.1218	0.14326	130	20	-4.5214	-4.0509
0.86647	0.13963	0.007066	0.0074074	0.0071236	0.0014548	3.2758	0.1442	135	20	-4.7828	-5.9569
0.80568	0.13464	0.0067962	0.0071429	0.0068422	0.0014116	3.4244	0.14479	140	20	-3.1879	-3.7145
0.75108	0.13	0.0065185	0.0068966	0.0065789	0.0013793	3.5856	0.1456	145	20	-3.8019	-4.3525
0.70184	0.12566	0.0062894	0.0066667	0.0063318	0.0013458	3.7366	0.14612	150	20	-3.7673	-5.056
0.65729	0.12161	0.0060625	0.0064516	0.0060994	0.0013121	3.8936	0.14675	155	20	-3.3721	-5.5532
0.61685	0.11781	0.0058457	0.00625	0.0058804	0.0012804	4.0537	0.1473	160	20	-3.6766	-4.1563
0.58003	0.11424	0.0056446	0.0060606	0.0056733	0.0012507	4.2144	0.14776	165	20	-3.3043	-4.6682
0.54641	0.11088	0.0054535	0.0058824	0.0054773	0.0012228	4.3782	0.14808	170	20	-12.39	-7.3925
0.51564	0.10771	0.0052723	0.0057143	0.0052913	0.0011946	4.5458	0.14873	175	20	-3.7323	-5.0164
0.48739	0.10472	0.0051032	0.0055556	0.0051144	0.0011679	4.7149	0.1492	180	20	-3.3531	-3.5349
0.4614	0.10189	0.004934	0.0054054	0.0049459	0.0011359	4.884	0.14858	185	20	-14.163	-7.1238
0.43743	0.099208	0.0047877	0.0052632	0.0047852	0.0011215	5.062	0.1502	190	20	-2.689	-3.8554
0.41529	0.096664	0.0046482	0.0051282	0.0046315	0.0010995	5.2375	0.15048	195	20	-3.0813	-3.2697
0.39478	0.094248	0.0045045	0.005	0.0044845	0.0010795	5.4189	0.15098	200	20	-4.4277	-3.9705
