17.546	0.83776	0.033385	0.033333	0.033325	0.0017786	0.3112	0.065177	30	20	-3.3054	-6.7121
12.891	0.71808	0.028556	0.028571	0.02857	0.0024992	0.4649	0.083434	35	20	-4.8023	-6.6995
9.8696	0.62832	0.024993	0.025	0.025	0.0027782	0.59926	0.094036	40	20	-9.472	-7.1479
7.7982	0.55851	0.02219	0.022222	0.022219	0.0028724	0.72777	0.10141	45	20	-11.464	-7.9583
6.3165	0.50265	0.019943	0.02	0.019991	0.0028744	0.85422	0.10699	50	20	-6.8413	-7.2885
5.2203	0.45696	0.018118	0.018182	0.018166	0.002835	0.98005	0.11145	55	20	-3.6804	-5.2441
4.3865	0.41888	0.016582	0.016667	0.016641	0.0027675	1.1046	0.1148	60	20	-12.21	-6.9114
3.7376	0.38666	0.015277	0.015385	0.015349	0.0026844	1.2307	0.11796	65	20	-4.3798	-5.8321
3.2227	0.35904	0.014151	0.014286	0.014239	0.0026047	1.3573	0.12052	70	20	-7.7656	-7.4078
2.8074	0.3351	0.013215	0.013333	0.013274	0.0025272	1.486	0.12287	75	20	-4.0378	-2.7562
2.4674	0.31416	0.012346	0.0125	0.012428	0.0024521	1.6167	0.12505	80	20	-4.5779	-4.7596
2.1857	0.29568	0.011594	0.011765	0.01168	0.0023776	1.7476	0.12663	85	20	-3.2223	-5.2902
1.9496	0.27925	0.010917	0.011111	0.011013	0.0023095	1.8835	0.12859	90	20	-4.0403	-6.063
1.7497	0.26456	0.01032	0.010526	0.010414	0.0022423	2.0174	0.13025	95	20	-3.7527	-4.56
1.5791	0.25133	0.0097739	0.01	0.0098734	0.0021759	2.1517	0.13125	100	20	-5.2448	-7.2918
1.4323	0.23936	0.0092943	0.0095238	0.0093826	0.0021139	2.289	0.13255	105	20	-5.9205	-4.4873
1.3051	0.22848	0.0088326	0.0090909	0.0089349	0.0020569	2.432	0.13394	110	20	-4.7645	-7.0595
1.1941	0.21855	0.0084251	0.0086957	0.0085245	0.0019968	2.5639	0.13474	115	20	-14.061	-7.185
1.0966	0.20944	0.0080425	0.0083333	0.0081469	0.0019499	2.7142	0.13602	120	20	-8.4339	-7.0146
1.0106	0.20106	0.007698	0.008	0.007798	0.0018962	2.8545	0.13693	125	20	-4.3377	-4.7782
0.9344	0.19333	0.0073959	0.0076923	0.0074746	0.0018446	2.9958	0.13776	130	20	-5.249	-3.9884
0.86647	0.18617	0.0070785	0.0074074	0.0071738	0.0017968	3.1479	0.13875	135	20	-3.2049	-4.0093
0.80568	0.17952	0.0068173	0.0071429	0.0068932	0.001754	3.2939	0.13941	140	20	-4.5052	-3.8647
0.75108	0.17333	0.0065351	0.0068966	0.0066306	0.0017136	3.4489	0.14044	145	20	-3.2012	-4.368
0.70184	0.16755	0.0063054	0.0066667	0.0063843	0.0016763	3.6023	0.14119	150	20	-4.4143	-4.0082
0.65729	0.16215	0.0060808	0.0064516	0.0061527	0.0016392	3.7579	0.14186	155	20	-3.8642	-4.2225
0.61685	0.15708	0.0058648	0.00625	0.0059343	0.0016034	3.916	0.14253	160	20	-3.9016	-3.7685
0.58003	0.15232	0.0056609	0.0060606	0.005728	0.0015693	4.0759	0.14309	165	20	-3.5189	-4.0486
0.54641	0.14784	0.0054701	0.0058824	0.0055326	0.0015358	4.2365	0.14356	170	20	-9.0881	-7.557
0.51564	0.14362	0.0052893	0.0057143	0.0053473	0.0015036	4.4013	0.14402	175	20	-5.8197	-4.1159
0.48739	0.13963	0.0051237	0.0055556	0.0051711	0.0014748	4.571	0.14506	180	20	-3.5407	-3.9545
0.4614	0.13585	0.004957	0.0054054	0.0050033	0.0014434	4.7414	0.14547	185	20	-3.6963	-4.0987
0.43743	0.13228	0.0047865	0.0052632	0.0048433	0.0014034	4.9105	0.14477	190	20	-6.108	-3.9381
0.41529	0.12889	0.0046622	0.0051282	0.0046903	0.0013929	5.0887	0.14668	195	20	-3.2977	-3.7571
0.39478	0.12566	0.0045203	0.005	0.004544	0.0013671	5.267	0.14702	200	20	-3.4849	-3.7284
