17.546	1.2566	0.033595	0.033333	0.033246	6.9871e-11	7.6145e-05	1.6814e-05	30	20	3.5687	-2.6733
12.891	1.0771	0.028581	0.028571	0.028521	5.546e-07	0.0092854	0.0017015	35	20	1.4239	-3.9755
9.8696	0.94248	0.025019	0.025	0.024973	0.0006719	0.24141	0.037929	40	20	-1.3348	-5.7894
7.7982	0.83776	0.022223	0.022222	0.02221	0.0017807	0.46713	0.065219	45	20	-4.6407	-8.1496
6.3165	0.75398	0.019993	0.02	0.019996	0.0023295	0.6259	0.078608	50	20	-4.9553	-7.2728
5.2203	0.68544	0.018184	0.018182	0.018181	0.0026264	0.7682	0.08767	55	20	-3.6383	-6.3574
4.3865	0.62832	0.016654	0.016667	0.016666	0.0027812	0.90173	0.094174	60	20	-4.5871	-5.9443
3.7376	0.57999	0.015323	0.015385	0.015382	0.0028653	1.0329	0.099483	65	20	-4.287	-5.9254
3.2227	0.53856	0.014202	0.014286	0.014279	0.002895	1.1615	0.10358	70	20	-11.954	-7.2488
2.8074	0.50265	0.013254	0.013333	0.01332	0.002881	1.289	0.10701	75	20	-3.8182	-6.1795
2.4674	0.47124	0.012403	0.0125	0.01248	0.0028591	1.4176	0.1102	80	20	-6.8013	-5.4955
2.1857	0.44352	0.011649	0.011765	0.011736	0.0028201	1.5457	0.11271	85	20	-3.8555	-4.1922
1.9496	0.41888	0.010978	0.011111	0.011073	0.0027669	1.6744	0.11511	90	20	-3.9119	-4.3575
1.7497	0.39683	0.010371	0.010526	0.010478	0.002721	1.8049	0.11725	95	20	-4.1616	-3.7779
1.5791	0.37699	0.0098343	0.01	0.0099408	0.002666	1.9321	0.11871	100	20	-7.5586	-6.5862
1.4323	0.35904	0.0093368	0.0095238	0.0094532	0.0026172	2.0707	0.12048	105	20	-4.016	-4.2919
1.3051	0.34272	0.0088917	0.0090909	0.0090083	0.002568	2.2022	0.12206	110	20	-9.4153	-7.7603
1.1941	0.32782	0.0084699	0.0086957	0.0086006	0.0025216	2.3452	0.12369	115	20	-3.9653	-3.9018
1.0966	0.31416	0.0080919	0.0083333	0.0082255	0.0024774	2.4825	0.12505	120	20	-14.757	-8.5486
1.0106	0.30159	0.0077591	0.008	0.007879	0.0024212	2.6168	0.12619	125	20	-13.218	-6.9909
0.9344	0.28999	0.0074303	0.0076923	0.0075578	0.0023765	2.7617	0.12757	130	20	-5.2458	-5.0679
0.86647	0.27925	0.0071183	0.0074074	0.007259	0.002331	2.9051	0.12857	135	20	-5.7031	-6.5807
0.80568	0.26928	0.0068554	0.0071429	0.0069804	0.0022857	3.0499	0.12985	140	20	-3.665	-4.3459
0.75108	0.25999	0.0065947	0.0068966	0.0067197	0.0022394	3.1953	0.13057	145	20	-5.394	-7.2929
0.70184	0.25133	0.0063346	0.0066667	0.0064752	0.0021997	3.3469	0.13174	150	20	-3.2399	-2.7503
0.65729	0.24322	0.0061166	0.0064516	0.0062453	0.0021603	3.4988	0.13269	155	20	-3.6464	-4.881
0.61685	0.23562	0.0059036	0.00625	0.0060286	0.0021208	3.6526	0.13349	160	20	-5.0158	-4.5192
0.58003	0.22848	0.0057009	0.0060606	0.0058239	0.0020822	3.8081	0.13432	165	20	-5.4979	-4.848
0.54641	0.22176	0.0055111	0.0058824	0.0056302	0.0020486	3.9665	0.13517	170	20	-5.6242	-5.0877
0.51564	0.21542	0.0053299	0.0057143	0.0054464	0.0020132	4.1291	0.13601	175	20	-3.457	-3.8828
0.48739	0.20944	0.0051558	0.0055556	0.0052718	0.0019786	4.2922	0.1367	180	20	-3.5215	-4.2245
0.4614	0.20378	0.0049927	0.0054054	0.0051055	0.0019468	4.4581	0.13754	185	20	-4.2051	-3.9951
0.43743	0.19842	0.0048433	0.0052632	0.004947	0.0019148	4.6267	0.13821	190	20	-4.3751	-4.687
0.41529	0.19333	0.0046917	0.0051282	0.0047955	0.0018838	4.7972	0.13888	195	20	-3.7292	-4.1774
0.39478	0.1885	0.0045573	0.005	0.0046506	0.0018551	4.9712	0.13947	200	20	-3.5153	-5.9885
