150	1.556	200	2.9948	100	0.0002538166666666667
175	2.3245	233.3333333333333	3.847733333333334	116.6666666666667	0.03095133333333333
200	2.9963	266.6666666666667	4.673333333333333	133.3333333333333	0.8047000000000001
225	3.63885	300	5.500666666666667	150	1.5571
250	4.2711	333.3333333333334	6.3302	166.6666666666667	2.086333333333334
275	4.90025	366.6666666666667	7.160000000000001	183.3333333333333	2.560666666666667
300	5.523	400	8.016666666666666	200	3.005766666666667
325	6.153499999999999	433.3333333333334	8.868666666666668	216.6666666666667	3.443
350	6.786499999999999	466.6666666666667	9.728000000000002	233.3333333333333	3.871666666666667
375	7.43	500	10.61066666666667	250	4.296666666666667
400	8.083499999999999	533.3333333333334	11.48933333333333	266.6666666666667	4.725333333333333
425	8.738	566.6666666666667	12.388	283.3333333333334	5.152333333333334
450	9.417499999999999	600	13.28533333333333	300	5.581333333333334
475	10.087	633.3333333333334	14.19666666666667	316.6666666666667	6.016333333333334
500	10.7585	666.6666666666667	15.12466666666667	333.3333333333334	6.440333333333333
525	11.445	700	16.06933333333334	350	6.902333333333334
550	12.16	733.3333333333334	16.968	366.6666666666667	7.340666666666666
575	12.8195	766.6666666666667	17.90066666666667	383.3333333333334	7.817333333333334
600	13.571	800	18.882	400	8.275
625	14.2725	833.3333333333334	19.846	416.6666666666667	8.722666666666667
650	14.979	866.6666666666667	20.812	433.3333333333334	9.205666666666666
675	15.7395	900	21.83866666666666	450	9.683666666666667
700	16.4695	933.3333333333334	22.82933333333333	466.6666666666667	10.16633333333333
725	17.2445	966.6666666666667	23.904	483.3333333333334	10.651
750	18.0115	1000	24.91066666666667	500	11.15633333333333
775	18.7895	1033.333333333333	25.95733333333333	516.6666666666667	11.66266666666667
800	19.58	1066.666666666667	27.02466666666667	533.3333333333334	12.17533333333333
825	20.3795	1100	28.096	550	12.69366666666667
850	21.1825	1133.333333333333	29.188	566.6666666666667	13.22166666666667
875	22.0065	1166.666666666667	30.30533333333333	583.3333333333334	13.76366666666667
900	22.855	1200	31.43266666666667	600	14.30733333333333
925	23.707	1233.333333333333	32.56	616.6666666666667	14.86033333333333
950	24.5525	1266.666666666667	33.74666666666667	633.3333333333334	15.42233333333333
975	25.4435	1300	34.91666666666666	650	15.99066666666667
1000	26.335	1333.333333333333	36.126	666.6666666666667	16.57066666666667
