0	0
0.0100000000000000	0.000343627028988026
0.0200000000000000	0.000687251805179057
0.0300000000000000	0.00103087207563991
0.0400000000000000	0.00137448558716502
0.0500000000000000	0.00171809008614027
0.0600000000000000	0.00206168331840686
0.0700000000000000	0.00240526302912512
0.0800000000000000	0.00274882696263848
0.0900000000000000	0.00309237286233734
0.100000000000000	0.00343589847052310
0.110000000000000	0.00377940152827215
0.120000000000000	0.00412287977529998
0.130000000000000	0.00446633094982528
0.140000000000000	0.00480975278843422
0.150000000000000	0.00515314302594464
0.160000000000000	0.00549649939527049
0.170000000000000	0.00583981962728621
0.180000000000000	0.00618310145069133
0.190000000000000	0.00652634259187503
0.200000000000000	0.00686954077478093
0.210000000000000	0.00721269372077192
0.220000000000000	0.00755579914849509
0.230000000000000	0.00789885477374686
0.240000000000000	0.00824185830933813
0.250000000000000	0.00858480746495967
0.260000000000000	0.00892769994704757
0.270000000000000	0.00927053345864886
0.280000000000000	0.00961330569928733
0.290000000000000	0.00995601436482939
0.300000000000000	0.0102986571473502
0.310000000000000	0.0106412317350001
0.320000000000000	0.0109837358118706
0.330000000000000	0.0113261670578615
0.340000000000000	0.0116685231485476
0.350000000000000	0.0120108017550452
0.360000000000000	0.0123530005438802
0.370000000000000	0.0126951171768547
0.380000000000000	0.0130371493109151
0.390000000000000	0.0133790945980196
0.400000000000000	0.0137209506850066
0.410000000000000	0.0140627152134628
0.420000000000000	0.0144043858195918
0.430000000000000	0.0147459601340828
0.440000000000000	0.0150874357819797
0.450000000000000	0.0154288103825502
0.460000000000000	0.0157700815491558
0.470000000000000	0.0161112468891209
0.480000000000000	0.0164523040036036
0.490000000000000	0.0167932504874655
0.500000000000000	0.0171340839291427
0.510000000000000	0.0174748019105164
0.520000000000000	0.0178154020067844
0.530000000000000	0.0181558817863327
0.540000000000000	0.0184962388106069
0.550000000000000	0.0188364706339850
0.560000000000000	0.0191765748036491
0.570000000000000	0.0195165488594590
0.580000000000000	0.0198563903338248
0.590000000000000	0.0201960967515805
0.600000000000000	0.0205356656298579
0.610000000000000	0.0208750944779607
0.620000000000000	0.0212143807972393
0.630000000000000	0.0215535220809652
0.640000000000000	0.0218925158142067
0.650000000000000	0.0222313594737042
0.660000000000000	0.0225700505277468
0.670000000000000	0.0229085864360479
0.680000000000000	0.0232469646496227
0.690000000000000	0.0235851826106650
0.700000000000000	0.0239232377524251
0.710000000000000	0.0242611274990877
0.720000000000000	0.0245988492656504
0.730000000000000	0.0249364004578022
0.740000000000000	0.0252737784718035
0.750000000000000	0.0256109806943655
0.760000000000000	0.0259480045025300
0.770000000000000	0.0262848472635508
0.780000000000000	0.0266215063347742
0.790000000000000	0.0269579790635209
0.800000000000000	0.0272942627869676
0.810000000000000	0.0276303548320303
0.820000000000000	0.0279662525152462
0.830000000000000	0.0283019531426581
0.840000000000000	0.0286374540096979
0.850000000000000	0.0289727524010711
0.860000000000000	0.0293078455906419
0.870000000000000	0.0296427308413186
0.880000000000000	0.0299774054049394
0.890000000000000	0.0303118665221593
0.900000000000000	0.0306461114223370
0.910000000000000	0.0309801373234222
0.920000000000000	0.0313139414318441
0.930000000000000	0.0316475209424000
0.940000000000000	0.0319808730381442
0.950000000000000	0.0323139948902783
0.960000000000000	0.0326468836580412
0.970000000000000	0.0329795364886002
0.980000000000000	0.0333119505169423
0.990000000000000	0.0336441228657665
1	0.0339760506453765
1.01000000000000	0.0343077309535737
1.02000000000000	0.0346391608755514
1.03000000000000	0.0349703374837893
1.04000000000000	0.0353012578379484
1.05000000000000	0.0356319189847666
1.06000000000000	0.0359623179579558
1.07000000000000	0.0362924517780978
1.08000000000000	0.0366223174525431
1.09000000000000	0.0369519119753082
1.10000000000000	0.0372812323269753
1.11000000000000	0.0376102754745913
1.12000000000000	0.0379390383715686
1.13000000000000	0.0382675179575856
1.14000000000000	0.0385957111584885
1.15000000000000	0.0389236148861939
1.16000000000000	0.0392512260385912
1.17000000000000	0.0395785414994468
1.18000000000000	0.0399055581383082
1.19000000000000	0.0402322728104092
1.20000000000000	0.0405586823565759
1.21000000000000	0.0408847836031330
1.22000000000000	0.0412105733618112
1.23000000000000	0.0415360484296551
1.24000000000000	0.0418612055889321
1.25000000000000	0.0421860416070419
1.26000000000000	0.0425105532364267
1.27000000000000	0.0428347372144821
1.28000000000000	0.0431585902634690
1.29000000000000	0.0434821090904264
1.30000000000000	0.0438052903870841
1.31000000000000	0.0441281308297774
1.32000000000000	0.0444506270793620
1.33000000000000	0.0447727757811293
1.34000000000000	0.0450945735647232
1.35000000000000	0.0454160170440573
1.36000000000000	0.0457371028172333
1.37000000000000	0.0460578274664597
1.38000000000000	0.0463781875579716
1.39000000000000	0.0466981796419515
1.40000000000000	0.0470178002524507
1.41000000000000	0.0473370459073115
1.42000000000000	0.0476559131080906
1.43000000000000	0.0479743983399831
1.44000000000000	0.0482924980717472
1.45000000000000	0.0486102087556301
1.46000000000000	0.0489275268272949
1.47000000000000	0.0492444487057477
1.48000000000000	0.0495609707932665
1.49000000000000	0.0498770894753302
1.50000000000000	0.0501928011205490
1.51000000000000	0.0505081020805955
1.52000000000000	0.0508229886901370
1.53000000000000	0.0511374572667682
1.54000000000000	0.0514515041109454
1.55000000000000	0.0517651255059209
1.56000000000000	0.0520783177176798
1.57000000000000	0.0523910769948755
1.58000000000000	0.0527033995687686
1.59000000000000	0.0530152816531648
1.60000000000000	0.0533267194443549
1.61000000000000	0.0536377091210554
1.62000000000000	0.0539482468443502
1.63000000000000	0.0542583287576330
1.64000000000000	0.0545679509865512
1.65000000000000	0.0548771096389503
1.66000000000000	0.0551858008048195
1.67000000000000	0.0554940205562386
1.68000000000000	0.0558017649473253
1.69000000000000	0.0561090300141843
1.70000000000000	0.0564158117748566
1.71000000000000	0.0567221062292707
1.72000000000000	0.0570279093591940
1.73000000000000	0.0573332171281860
1.74000000000000	0.0576380254815520
1.75000000000000	0.0579423303462984
1.76000000000000	0.0582461276310882
1.77000000000000	0.0585494132261990
1.78000000000000	0.0588521830034805
1.79000000000000	0.0591544328163141
1.80000000000000	0.0594561584995735
1.81000000000000	0.0597573558695859
1.82000000000000	0.0600580207240950
1.83000000000000	0.0603581488422247
1.84000000000000	0.0606577359844437
1.85000000000000	0.0609567778925320
1.86000000000000	0.0612552702895477
1.87000000000000	0.0615532088797955
1.88000000000000	0.0618505893487963
1.89000000000000	0.0621474073632576
1.90000000000000	0.0624436585710452
1.91000000000000	0.0627393386011567
1.92000000000000	0.0630344430636951
1.93000000000000	0.0633289675498445
1.94000000000000	0.0636229076318465
1.95000000000000	0.0639162588629777
1.96000000000000	0.0642090167775292
1.97000000000000	0.0645011768907863
1.98000000000000	0.0647927346990100
1.99000000000000	0.0650836856794196
2	0.0653740252901765
2.01000000000000	0.0656637489703694
2.02000000000000	0.0659528521400004
2.03000000000000	0.0662413301999729
2.04000000000000	0.0665291785320799
2.05000000000000	0.0668163924989947
2.06000000000000	0.0671029674442619
2.07000000000000	0.0673888986922901
2.08000000000000	0.0676741815483459
2.09000000000000	0.0679588112985490
2.10000000000000	0.0682427832098689
2.11000000000000	0.0685260925301228
2.12000000000000	0.0688087344879742
2.13000000000000	0.0690907042929342
2.14000000000000	0.0693719971353626
2.15000000000000	0.0696526081864715
2.16000000000000	0.0699325325983293
2.17000000000000	0.0702117655038669
2.18000000000000	0.0704903020168848
2.19000000000000	0.0707681372320615
2.20000000000000	0.0710452662249634
2.21000000000000	0.0713216840520563
2.22000000000000	0.0715973857507179
2.23000000000000	0.0718723663392516
2.24000000000000	0.0721466208169024
2.25000000000000	0.0724201441638734
2.26000000000000	0.0726929313413442
2.27000000000000	0.0729649772914905
2.28000000000000	0.0732362769375053
2.29000000000000	0.0735068251836211
2.30000000000000	0.0737766169151342
2.31000000000000	0.0740456469984299
2.32000000000000	0.0743139102810096
2.33000000000000	0.0745814015915185
2.34000000000000	0.0748481157397763
2.35000000000000	0.0751140475168073
2.36000000000000	0.0753791916948741
2.37000000000000	0.0756435430275113
2.38000000000000	0.0759070962495614
2.39000000000000	0.0761698460772115
2.40000000000000	0.0764317872080328
2.41000000000000	0.0766929143210201
2.42000000000000	0.0769532220766339
2.43000000000000	0.0772127051168434
2.44000000000000	0.0774713580651717
2.45000000000000	0.0777291755267415
2.46000000000000	0.0779861520883234
2.47000000000000	0.0782422823183854
2.48000000000000	0.0784975607671436
2.49000000000000	0.0787519819666148
2.50000000000000	0.0790055404306707
2.51000000000000	0.0792582306550937
2.52000000000000	0.0795100471176341
2.53000000000000	0.0797609842780689
2.54000000000000	0.0800110365782625
2.55000000000000	0.0802601984422286
2.56000000000000	0.0805084642761942
2.57000000000000	0.0807558284686645
2.58000000000000	0.0810022853904906
2.59000000000000	0.0812478293949373
2.60000000000000	0.0814924548177540
2.61000000000000	0.0817361559772463
2.62000000000000	0.0819789271743496
2.63000000000000	0.0822207626927048
2.64000000000000	0.0824616567987343
2.65000000000000	0.0827016037417216
2.66000000000000	0.0829405977538909
2.67000000000000	0.0831786330504896
2.68000000000000	0.0834157038298714
2.69000000000000	0.0836518042735825
2.70000000000000	0.0838869285464479
2.71000000000000	0.0841210707966607
2.72000000000000	0.0843542251558729
2.73000000000000	0.0845863857392871
2.74000000000000	0.0848175466457511
2.75000000000000	0.0850477019578535
2.76000000000000	0.0852768457420211
2.77000000000000	0.0855049720486189
2.78000000000000	0.0857320749120504
2.79000000000000	0.0859581483508612
2.80000000000000	0.0861831863678431
2.81000000000000	0.0864071829501413
2.82000000000000	0.0866301320693620
2.83000000000000	0.0868520276816829
2.84000000000000	0.0870728637279653
2.85000000000000	0.0872926341338674
2.86000000000000	0.0875113328099602
2.87000000000000	0.0877289536518449
2.88000000000000	0.0879454905402722
2.89000000000000	0.0881609373412634
2.90000000000000	0.0883752879062333
2.91000000000000	0.0885885360721155
2.92000000000000	0.0888006756614886
2.93000000000000	0.0890117004827054
2.94000000000000	0.0892216043300229
2.95000000000000	0.0894303809837351
2.96000000000000	0.0896380242103073
2.97000000000000	0.0898445277625123
2.98000000000000	0.0900498853795686
2.99000000000000	0.0902540907872806
3	0.0904571376981806
3.01000000000000	0.0906590198116727
3.02000000000000	0.0908597308141789
3.03000000000000	0.0910592643792872
3.04000000000000	0.0912576141679009
3.05000000000000	0.0914547738283911
3.06000000000000	0.0916507369967504
3.07000000000000	0.0918454972967482
3.08000000000000	0.0920390483400894
3.09000000000000	0.0922313837265737
3.10000000000000	0.0924224970442575
3.11000000000000	0.0926123818696180
3.12000000000000	0.0928010317677187
3.13000000000000	0.0929884402923779
3.14000000000000	0.0931746009863384
3.15000000000000	0.0933595073814393
3.16000000000000	0.0935431529987907
3.17000000000000	0.0937255313489493
3.18000000000000	0.0939066359320969
3.19000000000000	0.0940864602382209
3.20000000000000	0.0942649977472964
3.21000000000000	0.0944422419294707
3.22000000000000	0.0946181862452504
3.23000000000000	0.0947928241456895
3.24000000000000	0.0949661490725809
3.25000000000000	0.0951381544586488
3.26000000000000	0.0953088337277441
3.27000000000000	0.0954781802950420
3.28000000000000	0.0956461875672406
3.29000000000000	0.0958128489427634
3.30000000000000	0.0959781578119623
3.31000000000000	0.0961421075573241
3.32000000000000	0.0963046915536783
3.33000000000000	0.0964659031684074
3.34000000000000	0.0966257357616596
3.35000000000000	0.0967841826865633
3.36000000000000	0.0969412372894441
3.37000000000000	0.0970968929100440
3.38000000000000	0.0972511428817429
3.39000000000000	0.0974039805317819
3.40000000000000	0.0975553991814893
3.41000000000000	0.0977053921465089
3.42000000000000	0.0978539527370303
3.43000000000000	0.0980010742580212
3.44000000000000	0.0981467500094631
3.45000000000000	0.0982909732865877
3.46000000000000	0.0984337373801169
3.47000000000000	0.0985750355765045
3.48000000000000	0.0987148611581804
3.49000000000000	0.0988532074037969
3.50000000000000	0.0989900675884776
3.51000000000000	0.0991254349840686
3.52000000000000	0.0992593028593915
3.53000000000000	0.0993916644804999
3.54000000000000	0.0995225131109370
3.55000000000000	0.0996518420119964
3.56000000000000	0.0997796444429849
3.57000000000000	0.0999059136614880
3.58000000000000	0.100030642923637
3.59000000000000	0.100153825484381
3.60000000000000	0.100275454597755
3.61000000000000	0.100395523517160
3.62000000000000	0.100514025495638
3.63000000000000	0.100630953786151
3.64000000000000	0.100746301641864
3.65000000000000	0.100860062316431
3.66000000000000	0.100972229064278
3.67000000000000	0.101082795140899
3.68000000000000	0.101191753803142
3.69000000000000	0.101299098309506
3.70000000000000	0.101404821920439
3.71000000000000	0.101508917898636
3.72000000000000	0.101611379509341
3.73000000000000	0.101712200020654
3.74000000000000	0.101811372703834
3.75000000000000	0.101908890833611
3.76000000000000	0.102004747688500
3.77000000000000	0.102098936551111
3.78000000000000	0.102191450708470
3.79000000000000	0.102282283452339
3.80000000000000	0.102371428079534
3.81000000000000	0.102458877892257
3.82000000000000	0.102544626198415
3.83000000000000	0.102628666311959
3.84000000000000	0.102710991553209
3.85000000000000	0.102791595249197
3.86000000000000	0.102870470733997
3.87000000000000	0.102947611349072
3.88000000000000	0.103023010443614
3.89000000000000	0.103096661374891
3.90000000000000	0.103168557508596
3.91000000000000	0.103238692219196
3.92000000000000	0.103307058890289
3.93000000000000	0.103373650914960
3.94000000000000	0.103438461696139
3.95000000000000	0.103501484646962
3.96000000000000	0.103562713191140
3.97000000000000	0.103622140763322
3.98000000000000	0.103679760809468
3.99000000000000	0.103735566787220
4	0.103789552166280
4.01000000000000	0.103841710428785
4.02000000000000	0.103892035069693
4.03000000000000	0.103940519597161
4.04000000000000	0.103987157532938
4.05000000000000	0.104031942412750
4.06000000000000	0.104074867786693
4.07000000000000	0.104115927219630
4.08000000000000	0.104155114291588
4.09000000000000	0.104192422598158
4.10000000000000	0.104227845750899
4.11000000000000	0.104261377377746
4.12000000000000	0.104293011123417
4.13000000000000	0.104322740649826
4.14000000000000	0.104350559636499
4.15000000000000	0.104376461780991
4.16000000000000	0.104400440799306
4.17000000000000	0.104422490426323
4.18000000000000	0.104442604416219
4.19000000000000	0.104460776542903
4.20000000000000	0.104477000600446
4.21000000000000	0.104491270403515
4.22000000000000	0.104503579787813
4.23000000000000	0.104513922610522
4.24000000000000	0.104522292750743
4.25000000000000	0.104528684109948
4.26000000000000	0.104533090612424
4.27000000000000	0.104535506205733
4.28000000000000	0.104535924861165
4.29000000000000	0.104534340574194
4.30000000000000	0.104530747364946
4.31000000000000	0.104525139278661
4.32000000000000	0.104517510386161
4.33000000000000	0.104507854784322
4.34000000000000	0.104496166596549
4.35000000000000	0.104482439973252
4.36000000000000	0.104466669092326
4.37000000000000	0.104448848159639
4.38000000000000	0.104428971409510
4.39000000000000	0.104407033105209
4.40000000000000	0.104383027539441
4.41000000000000	0.104356949034848
4.42000000000000	0.104328791944503
4.43000000000000	0.104298550652417
4.44000000000000	0.104266219574042
4.45000000000000	0.104231793156779
4.46000000000000	0.104195265880490
4.47000000000000	0.104156632258014
4.48000000000000	0.104115886835684
4.49000000000000	0.104073024193846
4.50000000000000	0.104028038947389
4.51000000000000	0.103980925746267
4.52000000000000	0.103931679276034
4.53000000000000	0.103880294258373
4.54000000000000	0.103826765451639
4.55000000000000	0.103771087651396
4.56000000000000	0.103713255690962
4.57000000000000	0.103653264441956
4.58000000000000	0.103591108814847
4.59000000000000	0.103526783759509
4.60000000000000	0.103460284265779
4.61000000000000	0.103391605364013
4.62000000000000	0.103320742125656
4.63000000000000	0.103247689663801
4.64000000000000	0.103172443133768
4.65000000000000	0.103094997733670
4.66000000000000	0.103015348704992
4.67000000000000	0.102933491333175
4.68000000000000	0.102849420948195
4.69000000000000	0.102763132925151
4.70000000000000	0.102674622684858
4.71000000000000	0.102583885694437
4.72000000000000	0.102490917467916
4.73000000000000	0.102395713566828
4.74000000000000	0.102298269600815
4.75000000000000	0.102198581228237
4.76000000000000	0.102096644156783
4.77000000000000	0.101992454144085
4.78000000000000	0.101886006998334
4.79000000000000	0.101777298578904
4.80000000000000	0.101666324796976
4.81000000000000	0.101553081616167
4.82000000000000	0.101437565053160
4.83000000000000	0.101319771178342
4.84000000000000	0.101199696116439
4.85000000000000	0.101077336047165
4.86000000000000	0.100952687205861
4.87000000000000	0.100825745884149
4.88000000000000	0.100696508430584
4.89000000000000	0.100564971251310
4.90000000000000	0.100431130810721
4.91000000000000	0.100294983632127
4.92000000000000	0.100156526298416
4.93000000000000	0.100015755452733
4.94000000000000	0.0998726677991471
4.95000000000000	0.0997272601033351
4.96000000000000	0.0995795291932616
4.97000000000000	0.0994294719598655
4.98000000000000	0.0992770853577489
4.99000000000000	0.0991223664058708
5	0.0989653121882435
5.01000000000000	0.0988059198546333
5.02000000000000	0.0986441866212650
5.03000000000000	0.0984801097715296
5.04000000000000	0.0983136866566963
5.05000000000000	0.0981449146966278
5.06000000000000	0.0979737913804994
5.07000000000000	0.0978003142675225
5.08000000000000	0.0976244809876712
5.09000000000000	0.0974462892424124
5.10000000000000	0.0972657368054408
5.11000000000000	0.0970828215234171
5.12000000000000	0.0968975413167095
5.13000000000000	0.0967098941801400
5.14000000000000	0.0965198781837340
5.15000000000000	0.0963274914734736
5.16000000000000	0.0961327322720556
5.17000000000000	0.0959355988796520
5.18000000000000	0.0957360896746758
5.19000000000000	0.0955342031145499
5.20000000000000	0.0953299377364799
5.21000000000000	0.0951232921582313
5.22000000000000	0.0949142650789100
5.23000000000000	0.0947028552797472
5.24000000000000	0.0944890616248884
5.25000000000000	0.0942728830621855
5.26000000000000	0.0940543186239940
5.27000000000000	0.0938333674279733
5.28000000000000	0.0936100286778913
5.29000000000000	0.0933843016644336
5.30000000000000	0.0931561857660153
5.31000000000000	0.0929256804495981
5.32000000000000	0.0926927852715112
5.33000000000000	0.0924574998782757
5.34000000000000	0.0922198240074338
5.35000000000000	0.0919797574883811
5.36000000000000	0.0917373002432044
5.37000000000000	0.0914924522875220
5.38000000000000	0.0912452137313292
5.39000000000000	0.0909955847798479
5.40000000000000	0.0907435657343792
5.41000000000000	0.0904891569931618
5.42000000000000	0.0902323590522334
5.43000000000000	0.0899731725062964
5.44000000000000	0.0897115980495878
5.45000000000000	0.0894476364767542
5.46000000000000	0.0891812886837292
5.47000000000000	0.0889125556686168
5.48000000000000	0.0886414385325776
5.49000000000000	0.0883679384807207
5.50000000000000	0.0880920568229981
5.51000000000000	0.0878137949751047
5.52000000000000	0.0875331544593821
5.53000000000000	0.0872501369057266
5.54000000000000	0.0869647440525019
5.55000000000000	0.0866769777474550
5.56000000000000	0.0863868399486382
5.57000000000000	0.0860943327253334
5.58000000000000	0.0857994582589826
5.59000000000000	0.0855022188441213
5.60000000000000	0.0852026168893168
5.61000000000000	0.0849006549181115
5.62000000000000	0.0845963355699693
5.63000000000000	0.0842896616012274
5.64000000000000	0.0839806358860522
5.65000000000000	0.0836692614173992
5.66000000000000	0.0833555413079783
5.67000000000000	0.0830394787912224
5.68000000000000	0.0827210772222611
5.69000000000000	0.0824003400788991
5.70000000000000	0.0820772709625984
5.71000000000000	0.0817518735994652
5.72000000000000	0.0814241518412417
5.73000000000000	0.0810941096663017
5.74000000000000	0.0807617511806518
5.75000000000000	0.0804270806189358
5.76000000000000	0.0800901023454444
5.77000000000000	0.0797508208551297
5.78000000000000	0.0794092407746237
5.79000000000000	0.0790653668632613
5.80000000000000	0.0787192040141090
5.81000000000000	0.0783707572549964
5.82000000000000	0.0780200317495542
5.83000000000000	0.0776670327982552
5.84000000000000	0.0773117658394612
5.85000000000000	0.0769542364504739
5.86000000000000	0.0765944503485903
5.87000000000000	0.0762324133921637
5.88000000000000	0.0758681315816679
5.89000000000000	0.0755016110607678
5.90000000000000	0.0751328581173933
5.91000000000000	0.0747618791848189
5.92000000000000	0.0743886808427472
5.93000000000000	0.0740132698183981
5.94000000000000	0.0736356529876017
5.95000000000000	0.0732558373758969
5.96000000000000	0.0728738301596345
5.97000000000000	0.0724896386670848
5.98000000000000	0.0721032703795498
5.99000000000000	0.0717147329324818
6	0.0713240341166045
6.01000000000000	0.0709311818790410
6.02000000000000	0.0705361843244450
6.03000000000000	0.0701390497161386
6.04000000000000	0.0697397864772533
6.05000000000000	0.0693384031918770
6.06000000000000	0.0689349086062056
6.07000000000000	0.0685293116296994
6.08000000000000	0.0681216213362445
6.09000000000000	0.0677118469653195
6.10000000000000	0.0672999979231664
6.11000000000000	0.0668860837839673
6.12000000000000	0.0664701142910257
6.13000000000000	0.0660520993579526
6.14000000000000	0.0656320490698580
6.15000000000000	0.0652099736845474
6.16000000000000	0.0647858836337229
6.17000000000000	0.0643597895241900
6.18000000000000	0.0639317021390689
6.19000000000000	0.0635016324390114
6.20000000000000	0.0630695915634222
6.21000000000000	0.0626355908316861
6.22000000000000	0.0621996417443998
6.23000000000000	0.0617617559846090
6.24000000000000	0.0613219454190505
6.25000000000000	0.0608802220993998
6.26000000000000	0.0604365982635235
6.27000000000000	0.0599910863367369
6.28000000000000	0.0595436989330675
6.29000000000000	0.0590944488565225
6.30000000000000	0.0586433491023625
6.31000000000000	0.0581904128583798
6.32000000000000	0.0577356535061832
6.33000000000000	0.0572790846224860
6.34000000000000	0.0568207199804007
6.35000000000000	0.0563605735507394
6.36000000000000	0.0558986595033181
6.37000000000000	0.0554349922082670
6.38000000000000	0.0549695862373467
6.39000000000000	0.0545024563652689
6.40000000000000	0.0540336175710228
6.41000000000000	0.0535630850392066
6.42000000000000	0.0530908741613652
6.43000000000000	0.0526170005373322
6.44000000000000	0.0521414799765782
6.45000000000000	0.0516643284995642
6.46000000000000	0.0511855623390999
6.47000000000000	0.0507051979417086
6.48000000000000	0.0502232519689967
6.49000000000000	0.0497397412990290
6.50000000000000	0.0492546830277092
6.51000000000000	0.0487680944701665
6.52000000000000	0.0482799931621471
6.53000000000000	0.0477903968614117
6.54000000000000	0.0472993235491383
6.55000000000000	0.0468067914313303
6.56000000000000	0.0463128189402311
6.57000000000000	0.0458174247357433
6.58000000000000	0.0453206277068543
6.59000000000000	0.0448224469730665
6.60000000000000	0.0443229018858344
6.61000000000000	0.0438220120300062
6.62000000000000	0.0433197972252725
6.63000000000000	0.0428162775276186
6.64000000000000	0.0423114732307844
6.65000000000000	0.0418054048677294
6.66000000000000	0.0412980932121026
6.67000000000000	0.0407895592797197
6.68000000000000	0.0402798243300445
6.69000000000000	0.0397689098676771
6.70000000000000	0.0392568376438476
6.71000000000000	0.0387436296579155
6.72000000000000	0.0382293081588747
6.73000000000000	0.0377138956468646
6.74000000000000	0.0371974148746878
6.75000000000000	0.0366798888493317
6.76000000000000	0.0361613408334978
6.77000000000000	0.0356417943471362
6.78000000000000	0.0351212731689858
6.79000000000000	0.0345998013381210
6.80000000000000	0.0340774031555035
6.81000000000000	0.0335541031855407
6.82000000000000	0.0330299262576500
6.83000000000000	0.0325048974678287
6.84000000000000	0.0319790421802304
6.85000000000000	0.0314523860287466
6.86000000000000	0.0309249549185954
6.87000000000000	0.0303967750279155
6.88000000000000	0.0298678728093661
6.89000000000000	0.0293382749917335
6.90000000000000	0.0288080085815435
6.91000000000000	0.0282771008646795
6.92000000000000	0.0277455794080072
6.93000000000000	0.0272134720610057
6.94000000000000	0.0266808069574034
6.95000000000000	0.0261476125168219
6.96000000000000	0.0256139174464241
6.97000000000000	0.0250797507425710
6.98000000000000	0.0245451416924813
6.99000000000000	0.0240101198759008
7	0.0234747151667756
7.01000000000000	0.0229389577349320
7.02000000000000	0.0224028780477634
7.03000000000000	0.0218665068719232
7.04000000000000	0.0213298752750232
7.05000000000000	0.0207930146273393
7.06000000000000	0.0202559566035232
7.07000000000000	0.0197187331843203
7.08000000000000	0.0191813766582939
7.09000000000000	0.0186439196235557
7.10000000000000	0.0181063949895037
7.11000000000000	0.0175688359785649
7.12000000000000	0.0170312761279453
7.13000000000000	0.0164937492913865
7.14000000000000	0.0159562896409285
7.15000000000000	0.0154189316686783
7.16000000000000	0.0148817101885867
7.17000000000000	0.0143446603382294
7.18000000000000	0.0138078175805964
7.19000000000000	0.0132712177058871
7.20000000000000	0.0127348968333121
7.21000000000000	0.0121988914129013
7.22000000000000	0.0116632382273191
7.23000000000000	0.0111279743936859
7.24000000000000	0.0105931373654060
7.25000000000000	0.0100587649340027
7.26000000000000	0.00952489523095917
7.27000000000000	0.00899156672956705
7.28000000000000	0.00845881824678066
7.29000000000000	0.00792668894507892
7.30000000000000	0.00739521833433277
7.31000000000000	0.00686444627368052
7.32000000000000	0.00633441297340950
7.33000000000000	0.00580515899684375
7.34000000000000	0.00527672526223985
7.35000000000000	0.00474915304468776
7.36000000000000	0.00422248397802100
7.37000000000000	0.00369676005673070
7.38000000000000	0.00317202363788863
7.39000000000000	0.00264831744307639
7.40000000000000	0.00212568456032128
7.41000000000000	0.00160416844603886
7.42000000000000	0.00108381292698387
7.43000000000000	0.000564662202206051
7.44000000000000	4.67608450137602e-05
7.45000000000000	-0.000469846195054330
7.46000000000000	-0.000985113590252829
7.47000000000000	-0.00149899563264438
7.48000000000000	-0.00201144623210833
7.49000000000000	-0.00252241891434160
7.50000000000000	-0.00303186681885356
7.51000000000000	-0.00353974269695326
7.52000000000000	-0.00404599890972904
7.53000000000000	-0.00455058742602241
7.54000000000000	-0.00505345982039379
7.55000000000000	-0.00555456727108117
7.56000000000000	-0.00605386055795190
7.57000000000000	-0.00655129006044750
7.58000000000000	-0.00704680575552091
7.59000000000000	-0.00754035721556673
7.60000000000000	-0.00803189360634432
7.61000000000000	-0.00852136368489334
7.62000000000000	-0.00900871579744228
7.63000000000000	-0.00949389787731017
7.64000000000000	-0.00997685744280000
7.65000000000000	-0.0104575415950857
7.66000000000000	-0.0109358970160914
7.67000000000000	-0.0114118699663638
7.68000000000000	-0.0118854062829360
7.69000000000000	-0.0123564513771859
7.70000000000000	-0.0128249502326855
7.71000000000000	-0.0132908474030432
7.72000000000000	-0.0137540870097395
7.73000000000000	-0.0142146127399546
7.74000000000000	-0.0146723678443877
7.75000000000000	-0.0151272951350710
7.76000000000000	-0.0155793369831744
7.77000000000000	-0.0160284353168023
7.78000000000000	-0.0164745316187857
7.79000000000000	-0.0169175669244632
7.80000000000000	-0.0173574818194567
7.81000000000000	-0.0177942164374389
7.82000000000000	-0.0182277104578930
7.83000000000000	-0.0186579031038651
7.84000000000000	-0.0190847331397089
7.85000000000000	-0.0195081388688225
7.86000000000000	-0.0199280581313775
7.87000000000000	-0.0203444283020413
7.88000000000000	-0.0207571862876901
7.89000000000000	-0.0211662685251158
7.90000000000000	-0.0215716109787235
7.91000000000000	-0.0219731491382233
7.92000000000000	-0.0223708180163122
7.93000000000000	-0.0227645521463493
7.94000000000000	-0.0231542855800235
7.95000000000000	-0.0235399518850125
7.96000000000000	-0.0239214841426336
7.97000000000000	-0.0242988149454893
7.98000000000000	-0.0246718763951008
7.99000000000000	-0.0250406000995367
8	-0.0254049171710336
