0	0
0.0100000000000000	0.000405112561237828
0.0200000000000000	0.000810218837909616
0.0300000000000000	0.00121531254552909
0.0400000000000000	0.00162038739976949
0.0500000000000000	0.00202543711654336
0.0600000000000000	0.00243045541208228
0.0700000000000000	0.00283543600301663
0.0800000000000000	0.00324037260645535
0.0900000000000000	0.00364525894006569
0.100000000000000	0.00405008872215297
0.110000000000000	0.00445485567174027
0.120000000000000	0.00485955350864824
0.130000000000000	0.00526417595357477
0.140000000000000	0.00566871672817477
0.150000000000000	0.00607316955513981
0.160000000000000	0.00647752815827793
0.170000000000000	0.00688178626259326
0.180000000000000	0.00728593759436574
0.190000000000000	0.00768997588123082
0.200000000000000	0.00809389485225913
0.210000000000000	0.00849768823803612
0.220000000000000	0.00890134977074173
0.230000000000000	0.00930487318423004
0.240000000000000	0.00970825221410887
0.250000000000000	0.0101114805978195
0.260000000000000	0.0105145520747159
0.270000000000000	0.0109174603861451
0.280000000000000	0.0113201992755259
0.290000000000000	0.0117227624884288
0.300000000000000	0.0121251437726558
0.310000000000000	0.0125273368783194
0.320000000000000	0.0129293355579226
0.330000000000000	0.0133311335664380
0.340000000000000	0.0137327246613876
0.350000000000000	0.0141341026029221
0.360000000000000	0.0145352611539002
0.370000000000000	0.0149361940799682
0.380000000000000	0.0153368951496396
0.390000000000000	0.0157373581343741
0.400000000000000	0.0161375768086569
0.410000000000000	0.0165375449500785
0.420000000000000	0.0169372563394136
0.430000000000000	0.0173367047607007
0.440000000000000	0.0177358840013209
0.450000000000000	0.0181347878520778
0.460000000000000	0.0185334101072760
0.470000000000000	0.0189317445648009
0.480000000000000	0.0193297850261974
0.490000000000000	0.0197275252967494
0.500000000000000	0.0201249591855587
0.510000000000000	0.0205220805056240
0.520000000000000	0.0209188830739203
0.530000000000000	0.0213153607114776
0.540000000000000	0.0217115072434598
0.550000000000000	0.0221073164992443
0.560000000000000	0.0225027823125001
0.570000000000000	0.0228978985212674
0.580000000000000	0.0232926589680358
0.590000000000000	0.0236870574998238
0.600000000000000	0.0240810879682573
0.610000000000000	0.0244747442296482
0.620000000000000	0.0248680201450735
0.630000000000000	0.0252609095804538
0.640000000000000	0.0256534064066318
0.650000000000000	0.0260455044994512
0.660000000000000	0.0264371977398354
0.670000000000000	0.0268284800138656
0.680000000000000	0.0272193452128597
0.690000000000000	0.0276097872334507
0.700000000000000	0.0279997999776650
0.710000000000000	0.0283893773530009
0.720000000000000	0.0287785132725071
0.730000000000000	0.0291672016548608
0.740000000000000	0.0295554364244461
0.750000000000000	0.0299432115114321
0.760000000000000	0.0303305208518512
0.770000000000000	0.0307173583876775
0.780000000000000	0.0311037180669043
0.790000000000000	0.0314895938436228
0.800000000000000	0.0318749796780996
0.810000000000000	0.0322598695368552
0.820000000000000	0.0326442573927413
0.830000000000000	0.0330281372250194
0.840000000000000	0.0334115030194380
0.850000000000000	0.0337943487683106
0.860000000000000	0.0341766684705936
0.870000000000000	0.0345584561319639
0.880000000000000	0.0349397057648964
0.890000000000000	0.0353204113887418
0.900000000000000	0.0357005670298040
0.910000000000000	0.0360801667214175
0.920000000000000	0.0364592045040251
0.930000000000000	0.0368376744252550
0.940000000000000	0.0372155705399985
0.950000000000000	0.0375928869104868
0.960000000000000	0.0379696176063685
0.970000000000000	0.0383457567047869
0.980000000000000	0.0387212982904568
0.990000000000000	0.0390962364557416
1	0.0394705653007307
1.01000000000000	0.0398442789333157
1.02000000000000	0.0402173714692681
1.03000000000000	0.0405898370323156
1.04000000000000	0.0409616697542189
1.05000000000000	0.0413328637748486
1.06000000000000	0.0417034132422619
1.07000000000000	0.0420733123127787
1.08000000000000	0.0424425551510589
1.09000000000000	0.0428111359301779
1.10000000000000	0.0431790488317040
1.11000000000000	0.0435462880457740
1.12000000000000	0.0439128477711698
1.13000000000000	0.0442787222153945
1.14000000000000	0.0446439055947486
1.15000000000000	0.0450083921344060
1.16000000000000	0.0453721760684901
1.17000000000000	0.0457352516401498
1.18000000000000	0.0460976131016351
1.19000000000000	0.0464592547143732
1.20000000000000	0.0468201707490441
1.21000000000000	0.0471803554856563
1.22000000000000	0.0475398032136224
1.23000000000000	0.0478985082318346
1.24000000000000	0.0482564648487401
1.25000000000000	0.0486136673824168
1.26000000000000	0.0489701101606480
1.27000000000000	0.0493257875209986
1.28000000000000	0.0496806938108890
1.29000000000000	0.0500348233876714
1.30000000000000	0.0503881706187041
1.31000000000000	0.0507407298814267
1.32000000000000	0.0510924955634348
1.33000000000000	0.0514434620625550
1.34000000000000	0.0517936237869196
1.35000000000000	0.0521429751550409
1.36000000000000	0.0524915105958863
1.37000000000000	0.0528392245489523
1.38000000000000	0.0531861114643390
1.39000000000000	0.0535321658028249
1.40000000000000	0.0538773820359403
1.41000000000000	0.0542217546460421
1.42000000000000	0.0545652781263877
1.43000000000000	0.0549079469812089
1.44000000000000	0.0552497557257860
1.45000000000000	0.0555906988865213
1.46000000000000	0.0559307710010132
1.47000000000000	0.0562699666181296
1.48000000000000	0.0566082802980816
1.49000000000000	0.0569457066124971
1.50000000000000	0.0572822401444937
1.51000000000000	0.0576178754887527
1.52000000000000	0.0579526072515918
1.53000000000000	0.0582864300510384
1.54000000000000	0.0586193385169028
1.55000000000000	0.0589513272908507
1.56000000000000	0.0592823910264767
1.57000000000000	0.0596125243893765
1.58000000000000	0.0599417220572199
1.59000000000000	0.0602699787198233
1.60000000000000	0.0605972890792223
1.61000000000000	0.0609236478497437
1.62000000000000	0.0612490497580782
1.63000000000000	0.0615734895433528
1.64000000000000	0.0618969619572022
1.65000000000000	0.0622194617638415
1.66000000000000	0.0625409837401377
1.67000000000000	0.0628615226756818
1.68000000000000	0.0631810733728603
1.69000000000000	0.0634996306469269
1.70000000000000	0.0638171893260744
1.71000000000000	0.0641337442515052
1.72000000000000	0.0644492902775037
1.73000000000000	0.0647638222715069
1.74000000000000	0.0650773351141755
1.75000000000000	0.0653898236994653
1.76000000000000	0.0657012829346977
1.77000000000000	0.0660117077406308
1.78000000000000	0.0663210930515301
1.79000000000000	0.0666294338152390
1.80000000000000	0.0669367249932491
1.81000000000000	0.0672429615607711
1.82000000000000	0.0675481385068046
1.83000000000000	0.0678522508342087
1.84000000000000	0.0681552935597715
1.85000000000000	0.0684572617142808
1.86000000000000	0.0687581503425933
1.87000000000000	0.0690579545037045
1.88000000000000	0.0693566692708189
1.89000000000000	0.0696542897314185
1.90000000000000	0.0699508109873331
1.91000000000000	0.0702462281548092
1.92000000000000	0.0705405363645790
1.93000000000000	0.0708337307619300
1.94000000000000	0.0711258065067734
1.95000000000000	0.0714167587737133
1.96000000000000	0.0717065827521154
1.97000000000000	0.0719952736461754
1.98000000000000	0.0722828266749876
1.99000000000000	0.0725692370726131
2	0.0728545000881485
2.01000000000000	0.0731386109857937
2.02000000000000	0.0734215650449197
2.03000000000000	0.0737033575601371
2.04000000000000	0.0739839838413632
2.05000000000000	0.0742634392138902
2.06000000000000	0.0745417190184524
2.07000000000000	0.0748188186112937
2.08000000000000	0.0750947333642349
2.09000000000000	0.0753694586647407
2.10000000000000	0.0756429899159871
2.11000000000000	0.0759153225369279
2.12000000000000	0.0761864519623616
2.13000000000000	0.0764563736429983
2.14000000000000	0.0767250830455257
2.15000000000000	0.0769925756526762
2.16000000000000	0.0772588469632925
2.17000000000000	0.0775238924923940
2.18000000000000	0.0777877077712430
2.19000000000000	0.0780502883474104
2.20000000000000	0.0783116297848411
2.21000000000000	0.0785717276639203
2.22000000000000	0.0788305775815387
2.23000000000000	0.0790881751511573
2.24000000000000	0.0793445160028737
2.25000000000000	0.0795995957834859
2.26000000000000	0.0798534101565586
2.27000000000000	0.0801059548024867
2.28000000000000	0.0803572254185609
2.29000000000000	0.0806072177190318
2.30000000000000	0.0808559274351746
2.31000000000000	0.0811033503153527
2.32000000000000	0.0813494821250828
2.33000000000000	0.0815943186470978
2.34000000000000	0.0818378556814116
2.35000000000000	0.0820800890453821
2.36000000000000	0.0823210145737751
2.37000000000000	0.0825606281188276
2.38000000000000	0.0827989255503111
2.39000000000000	0.0830359027555945
2.40000000000000	0.0832715556397076
2.41000000000000	0.0835058801254031
2.42000000000000	0.0837388721532203
2.43000000000000	0.0839705276815467
2.44000000000000	0.0842008426866809
2.45000000000000	0.0844298131628949
2.46000000000000	0.0846574351224956
2.47000000000000	0.0848837045958876
2.48000000000000	0.0851086176316342
2.49000000000000	0.0853321702965196
2.50000000000000	0.0855543586756099
2.51000000000000	0.0857751788723149
2.52000000000000	0.0859946270084490
2.53000000000000	0.0862126992242923
2.54000000000000	0.0864293916786514
2.55000000000000	0.0866447005489202
2.56000000000000	0.0868586220311405
2.57000000000000	0.0870711523400622
2.58000000000000	0.0872822877092040
2.59000000000000	0.0874920243909127
2.60000000000000	0.0877003586564240
2.61000000000000	0.0879072867959217
2.62000000000000	0.0881128051185974
2.63000000000000	0.0883169099527102
2.64000000000000	0.0885195976456459
2.65000000000000	0.0887208645639756
2.66000000000000	0.0889207070935155
2.67000000000000	0.0891191216393853
2.68000000000000	0.0893161046260665
2.69000000000000	0.0895116524974615
2.70000000000000	0.0897057617169517
2.71000000000000	0.0898984287674551
2.72000000000000	0.0900896501514852
2.73000000000000	0.0902794223912079
2.74000000000000	0.0904677420284999
2.75000000000000	0.0906546056250056
2.76000000000000	0.0908400097621947
2.77000000000000	0.0910239510414192
2.78000000000000	0.0912064260839703
2.79000000000000	0.0913874315311353
2.80000000000000	0.0915669640442543
2.81000000000000	0.0917450203047764
2.82000000000000	0.0919215970143160
2.83000000000000	0.0920966908947091
2.84000000000000	0.0922702986880689
2.85000000000000	0.0924424171568417
2.86000000000000	0.0926130430838626
2.87000000000000	0.0927821732724106
2.88000000000000	0.0929498045462639
2.89000000000000	0.0931159337497549
2.90000000000000	0.0932805577478253
2.91000000000000	0.0934436734260802
2.92000000000000	0.0936052776908432
2.93000000000000	0.0937653674692103
2.94000000000000	0.0939239397091040
2.95000000000000	0.0940809913793276
2.96000000000000	0.0942365194696184
2.97000000000000	0.0943905209907019
2.98000000000000	0.0945429929743444
2.99000000000000	0.0946939324734069
3	0.0948433365618978
3.01000000000000	0.0949912023350256
3.02000000000000	0.0951375269092517
3.03000000000000	0.0952823074223428
3.04000000000000	0.0954255410334230
3.05000000000000	0.0955672249230262
3.06000000000000	0.0957073562931474
3.07000000000000	0.0958459323672949
3.08000000000000	0.0959829503905415
3.09000000000000	0.0961184076295760
3.10000000000000	0.0962523013727539
3.11000000000000	0.0963846289301487
3.12000000000000	0.0965153876336022
3.13000000000000	0.0966445748367755
3.14000000000000	0.0967721879151987
3.15000000000000	0.0968982242663215
3.16000000000000	0.0970226813095629
3.17000000000000	0.0971455564863609
3.18000000000000	0.0972668472602219
3.19000000000000	0.0973865511167702
3.20000000000000	0.0975046655637969
3.21000000000000	0.0976211881313091
3.22000000000000	0.0977361163715782
3.23000000000000	0.0978494478591886
3.24000000000000	0.0979611801910860
3.25000000000000	0.0980713109866255
3.26000000000000	0.0981798378876190
3.27000000000000	0.0982867585583837
3.28000000000000	0.0983920706857888
3.29000000000000	0.0984957719793033
3.30000000000000	0.0985978601710425
3.31000000000000	0.0986983330158152
3.32000000000000	0.0987971882911702
3.33000000000000	0.0988944237974426
3.34000000000000	0.0989900373578003
3.35000000000000	0.0990840268182895
3.36000000000000	0.0991763900478807
3.37000000000000	0.0992671249385145
3.38000000000000	0.0993562294051465
3.39000000000000	0.0994437013857924
3.40000000000000	0.0995295388415732
3.41000000000000	0.0996137397567600
3.42000000000000	0.0996963021388176
3.43000000000000	0.0997772240184499
3.44000000000000	0.0998565034496428
3.45000000000000	0.0999341385097090
3.46000000000000	0.100010127299331
3.47000000000000	0.100084467942603
3.48000000000000	0.100157158587079
3.49000000000000	0.100228197403808
3.50000000000000	0.100297582587385
3.51000000000000	0.100365312355986
3.52000000000000	0.100431384951415
3.53000000000000	0.100495798639145
3.54000000000000	0.100558551708358
3.55000000000000	0.100619642471989
3.56000000000000	0.100679069266766
3.57000000000000	0.100736830453250
3.58000000000000	0.100792924415879
3.59000000000000	0.100847349563004
3.60000000000000	0.100900104326935
3.61000000000000	0.100951187163975
3.62000000000000	0.101000596554466
3.63000000000000	0.101048331002824
3.64000000000000	0.101094389037581
3.65000000000000	0.101138769211421
3.66000000000000	0.101181470101225
3.67000000000000	0.101222490308102
3.68000000000000	0.101261828457435
3.69000000000000	0.101299483198914
3.70000000000000	0.101335453206574
3.71000000000000	0.101369737178837
3.72000000000000	0.101402333838546
3.73000000000000	0.101433241933004
3.74000000000000	0.101462460234007
3.75000000000000	0.101489987537888
3.76000000000000	0.101515822665546
3.77000000000000	0.101539964462489
3.78000000000000	0.101562411798864
3.79000000000000	0.101583163569497
3.80000000000000	0.101602218693925
3.81000000000000	0.101619576116437
3.82000000000000	0.101635234806101
3.83000000000000	0.101649193756806
3.84000000000000	0.101661451987294
3.85000000000000	0.101672008541191
3.86000000000000	0.101680862487045
3.87000000000000	0.101688012918361
3.88000000000000	0.101693458953629
3.89000000000000	0.101697199736362
3.90000000000000	0.101699234435126
3.91000000000000	0.101699562243575
3.92000000000000	0.101698182380483
3.93000000000000	0.101695094089774
3.94000000000000	0.101690296640557
3.95000000000000	0.101683789327156
3.96000000000000	0.101675571469141
3.97000000000000	0.101665642411360
3.98000000000000	0.101654001523971
3.99000000000000	0.101640648202469
4	0.101625581867721
4.01000000000000	0.101608801965992
4.02000000000000	0.101590307968977
4.03000000000000	0.101570099373830
4.04000000000000	0.101548175703194
4.05000000000000	0.101524536505228
4.06000000000000	0.101499181353638
4.07000000000000	0.101472109847705
4.08000000000000	0.101443321612311
4.09000000000000	0.101412816297970
4.10000000000000	0.101380593580853
4.11000000000000	0.101346653162818
4.12000000000000	0.101310994771433
4.13000000000000	0.101273618160008
4.14000000000000	0.101234523107618
4.15000000000000	0.101193709419129
4.16000000000000	0.101151176925227
4.17000000000000	0.101106925482441
4.18000000000000	0.101060954973167
4.19000000000000	0.101013265305698
4.20000000000000	0.100963856414246
4.21000000000000	0.100912728258964
4.22000000000000	0.100859880825974
4.23000000000000	0.100805314127391
4.24000000000000	0.100749028201343
4.25000000000000	0.100691023112000
4.26000000000000	0.100631298949590
4.27000000000000	0.100569855830429
4.28000000000000	0.100506693896937
4.29000000000000	0.100441813317666
4.30000000000000	0.100375214287318
4.31000000000000	0.100306897026769
4.32000000000000	0.100236861783087
4.33000000000000	0.100165108829557
4.34000000000000	0.100091638465699
4.35000000000000	0.100016451017290
4.36000000000000	0.0999395468363843
4.37000000000000	0.0998609263013304
4.38000000000000	0.0997805898167941
4.39000000000000	0.0996985378137761
4.40000000000000	0.0996147707496310
4.41000000000000	0.0995292891080860
4.42000000000000	0.0994420933992593
4.43000000000000	0.0993531841596781
4.44000000000000	0.0992625619522961
4.45000000000000	0.0991702273665112
4.46000000000000	0.0990761810181823
4.47000000000000	0.0989804235496463
4.48000000000000	0.0988829556297345
4.49000000000000	0.0987837779537885
4.50000000000000	0.0986828912436766
4.51000000000000	0.0985802962478086
4.52000000000000	0.0984759937411516
4.53000000000000	0.0983699845252448
4.54000000000000	0.0982622694282136
4.55000000000000	0.0981528493047847
4.56000000000000	0.0980417250362992
4.57000000000000	0.0979288975307266
4.58000000000000	0.0978143677226784
4.59000000000000	0.0976981365734205
4.60000000000000	0.0975802050708862
4.61000000000000	0.0974605742296884
4.62000000000000	0.0973392450911319
4.63000000000000	0.0972162187232246
4.64000000000000	0.0970914962206894
4.65000000000000	0.0969650787049747
4.66000000000000	0.0968369673242655
4.67000000000000	0.0967071632534938
4.68000000000000	0.0965756676943482
4.69000000000000	0.0964424818752839
4.70000000000000	0.0963076070515323
4.71000000000000	0.0961710445051099
4.72000000000000	0.0960327955448266
4.73000000000000	0.0958928615062946
4.74000000000000	0.0957512437519364
4.75000000000000	0.0956079436709923
4.76000000000000	0.0954629626795277
4.77000000000000	0.0953163022204406
4.78000000000000	0.0951679637634676
4.79000000000000	0.0950179488051908
4.80000000000000	0.0948662588690438
4.81000000000000	0.0947128955053168
4.82000000000000	0.0945578602911626
4.83000000000000	0.0944011548306014
4.84000000000000	0.0942427807545248
4.85000000000000	0.0940827397207011
4.86000000000000	0.0939210334137785
4.87000000000000	0.0937576635452889
4.88000000000000	0.0935926318536513
4.89000000000000	0.0934259401041744
4.90000000000000	0.0932575900890592
4.91000000000000	0.0930875836274013
4.92000000000000	0.0929159225651928
4.93000000000000	0.0927426087753233
4.94000000000000	0.0925676441575817
4.95000000000000	0.0923910306386562
4.96000000000000	0.0922127701721355
4.97000000000000	0.0920328647385081
4.98000000000000	0.0918513163451623
4.99000000000000	0.0916681270263857
5	0.0914832988433638
5.01000000000000	0.0912968338841789
5.02000000000000	0.0911087342638080
5.03000000000000	0.0909190021241207
5.04000000000000	0.0907276396338772
5.05000000000000	0.0905346489887247
5.06000000000000	0.0903400324111946
5.07000000000000	0.0901437921506987
5.08000000000000	0.0899459304835254
5.09000000000000	0.0897464497128352
5.10000000000000	0.0895453521686557
5.11000000000000	0.0893426402078772
5.12000000000000	0.0891383162142464
5.13000000000000	0.0889323825983612
5.14000000000000	0.0887248417976641
5.15000000000000	0.0885156962764356
5.16000000000000	0.0883049485257873
5.17000000000000	0.0880926010636546
5.18000000000000	0.0878786564347887
5.19000000000000	0.0876631172107486
5.20000000000000	0.0874459859898928
5.21000000000000	0.0872272653973698
5.22000000000000	0.0870069580851095
5.23000000000000	0.0867850667318128
5.24000000000000	0.0865615940429423
5.25000000000000	0.0863365427507112
5.26000000000000	0.0861099156140726
5.27000000000000	0.0858817154187087
5.28000000000000	0.0856519449770184
5.29000000000000	0.0854206071281059
5.30000000000000	0.0851877047377679
5.31000000000000	0.0849532406984810
5.32000000000000	0.0847172179293885
5.33000000000000	0.0844796393762865
5.34000000000000	0.0842405080116101
5.35000000000000	0.0839998268344189
5.36000000000000	0.0837575988703824
5.37000000000000	0.0835138271717643
5.38000000000000	0.0832685148174074
5.39000000000000	0.0830216649127173
5.40000000000000	0.0827732805896458
5.41000000000000	0.0825233650066744
5.42000000000000	0.0822719213487968
5.43000000000000	0.0820189528275015
5.44000000000000	0.0817644626807532
5.45000000000000	0.0815084541729751
5.46000000000000	0.0812509305950291
5.47000000000000	0.0809918952641972
5.48000000000000	0.0807313515241614
5.49000000000000	0.0804693027449836
5.50000000000000	0.0802057523230853
5.51000000000000	0.0799407036812262
5.52000000000000	0.0796741602684829
5.53000000000000	0.0794061255602274
5.54000000000000	0.0791366030581044
5.55000000000000	0.0788655962900092
5.56000000000000	0.0785931088100637
5.57000000000000	0.0783191441985937
5.58000000000000	0.0780437060621048
5.59000000000000	0.0777667980332577
5.60000000000000	0.0774884237708435
5.61000000000000	0.0772085869597588
5.62000000000000	0.0769272913109795
5.63000000000000	0.0766445405615349
5.64000000000000	0.0763603384744816
5.65000000000000	0.0760746888388757
5.66000000000000	0.0757875954697462
5.67000000000000	0.0754990622080664
5.68000000000000	0.0752090929207263
5.69000000000000	0.0749176915005034
5.70000000000000	0.0746248618660336
5.71000000000000	0.0743306079617820
5.72000000000000	0.0740349337580121
5.73000000000000	0.0737378432507559
5.74000000000000	0.0734393404617829
5.75000000000000	0.0731394294385683
5.76000000000000	0.0728381142542615
5.77000000000000	0.0725353990076538
5.78000000000000	0.0722312878231456
5.79000000000000	0.0719257848507128
5.80000000000000	0.0716188942658740
5.81000000000000	0.0713106202696558
5.82000000000000	0.0710009670885580
5.83000000000000	0.0706899389745193
5.84000000000000	0.0703775402048813
5.85000000000000	0.0700637750823526
5.86000000000000	0.0697486479349727
5.87000000000000	0.0694321631160748
5.88000000000000	0.0691143250042485
5.89000000000000	0.0687951380033022
5.90000000000000	0.0684746065422249
5.91000000000000	0.0681527350751471
5.92000000000000	0.0678295280813019
5.93000000000000	0.0675049900649852
5.94000000000000	0.0671791255555156
5.95000000000000	0.0668519391071941
5.96000000000000	0.0665234352992621
5.97000000000000	0.0661936187358613
5.98000000000000	0.0658624940459899
5.99000000000000	0.0655300658834618
6	0.0651963389268623
6.01000000000000	0.0648613178795055
6.02000000000000	0.0645250074693896
6.03000000000000	0.0641874124491532
6.04000000000000	0.0638485375960299
6.05000000000000	0.0635083877118030
6.06000000000000	0.0631669676227596
6.07000000000000	0.0628242821796444
6.08000000000000	0.0624803362576125
6.09000000000000	0.0621351347561822
6.10000000000000	0.0617886825991874
6.11000000000000	0.0614409847347287
6.12000000000000	0.0610920461351251
6.13000000000000	0.0607418717968643
6.14000000000000	0.0603904667405530
6.15000000000000	0.0600378360108667
6.16000000000000	0.0596839846764985
6.17000000000000	0.0593289178301082
6.18000000000000	0.0589726405882700
6.19000000000000	0.0586151580914207
6.20000000000000	0.0582564755038064
6.21000000000000	0.0578965980134294
6.22000000000000	0.0575355308319939
6.23000000000000	0.0571732791948526
6.24000000000000	0.0568098483609506
6.25000000000000	0.0564452436127709
6.26000000000000	0.0560794702562782
6.27000000000000	0.0557125336208622
6.28000000000000	0.0553444390592811
6.29000000000000	0.0549751919476043
6.30000000000000	0.0546047976851534
6.31000000000000	0.0542332616944450
6.32000000000000	0.0538605894211306
6.33000000000000	0.0534867863339382
6.34000000000000	0.0531118579246108
6.35000000000000	0.0527358097078470
6.36000000000000	0.0523586472212396
6.37000000000000	0.0519803760252136
6.38000000000000	0.0516010017029640
6.39000000000000	0.0512205298603939
6.40000000000000	0.0508389661260505
6.41000000000000	0.0504563161510611
6.42000000000000	0.0500725856090698
6.43000000000000	0.0496877801961719
6.44000000000000	0.0493019056308482
6.45000000000000	0.0489149676539003
6.46000000000000	0.0485269720283829
6.47000000000000	0.0481379245395375
6.48000000000000	0.0477478309947242
6.49000000000000	0.0473566972233547
6.50000000000000	0.0469645290768226
6.51000000000000	0.0465713324284345
6.52000000000000	0.0461771131733403
6.53000000000000	0.0457818772284634
6.54000000000000	0.0453856305324289
6.55000000000000	0.0449883790454929
6.56000000000000	0.0445901287494702
6.57000000000000	0.0441908856476622
6.58000000000000	0.0437906557647833
6.59000000000000	0.0433894451468876
6.60000000000000	0.0429872598612945
6.61000000000000	0.0425841059965141
6.62000000000000	0.0421799896621721
6.63000000000000	0.0417749169889333
6.64000000000000	0.0413688941284255
6.65000000000000	0.0409619272531627
6.66000000000000	0.0405540225564673
6.67000000000000	0.0401451862523914
6.68000000000000	0.0397354245756392
6.69000000000000	0.0393247437814867
6.70000000000000	0.0389131501457020
6.71000000000000	0.0385006499644656
6.72000000000000	0.0380872495542881
6.73000000000000	0.0376729552519294
6.74000000000000	0.0372577734143166
6.75000000000000	0.0368417104184607
6.76000000000000	0.0364247726613731
6.77000000000000	0.0360069665599824
6.78000000000000	0.0355882985510495
6.79000000000000	0.0351687750910818
6.80000000000000	0.0347484026562484
6.81000000000000	0.0343271877422936
6.82000000000000	0.0339051368644492
6.83000000000000	0.0334822565573481
6.84000000000000	0.0330585533749354
6.85000000000000	0.0326340338903798
6.86000000000000	0.0322087046959844
6.87000000000000	0.0317825724030973
6.88000000000000	0.0313556436420200
6.89000000000000	0.0309279250619167
6.90000000000000	0.0304994233307234
6.91000000000000	0.0300701451350543
6.92000000000000	0.0296400971801094
6.93000000000000	0.0292092861895814
6.94000000000000	0.0287777189055605
6.95000000000000	0.0283454020884405
6.96000000000000	0.0279123425168229
6.97000000000000	0.0274785469874211
6.98000000000000	0.0270440223149637
6.99000000000000	0.0266087753320972
7	0.0261728128892881
7.01000000000000	0.0257361418547246
7.02000000000000	0.0252987691142168
7.03000000000000	0.0248607015710980
7.04000000000000	0.0244219461461232
7.05000000000000	0.0239825097773688
7.06000000000000	0.0235423994201310
7.07000000000000	0.0231016220468226
7.08000000000000	0.0226601846468714
7.09000000000000	0.0222180942266152
7.10000000000000	0.0217753578091991
7.11000000000000	0.0213319824344694
7.12000000000000	0.0208879751588687
7.13000000000000	0.0204433430553296
7.14000000000000	0.0199980932131681
7.15000000000000	0.0195522327379761
7.16000000000000	0.0191057687515132
7.17000000000000	0.0186587083915981
7.18000000000000	0.0182110588119993
7.19000000000000	0.0177628271823248
7.20000000000000	0.0173140206879119
7.21000000000000	0.0168646465297149
7.22000000000000	0.0164147119241946
7.23000000000000	0.0159642241032042
7.24000000000000	0.0155131903138768
7.25000000000000	0.0150616178185112
7.26000000000000	0.0146095138944572
7.27000000000000	0.0141568858340001
7.28000000000000	0.0137037409442454
7.29000000000000	0.0132500865470015
7.30000000000000	0.0127959299786622
7.31000000000000	0.0123412785900894
7.32000000000000	0.0118861397464944
7.33000000000000	0.0114305208273174
7.34000000000000	0.0109744292261090
7.35000000000000	0.0105178723504082
7.36000000000000	0.0100608576216222
7.37000000000000	0.00960339247490338
7.38000000000000	0.00914548435902654
7.39000000000000	0.00868714073626632
7.40000000000000	0.00822836908227227
7.41000000000000	0.00776917688594394
7.42000000000000	0.00730957164930598
7.43000000000000	0.00684956088738165
7.44000000000000	0.00638915212806549
7.45000000000000	0.00592835291199641
7.46000000000000	0.00546717079242873
7.47000000000000	0.00500561333510373
7.48000000000000	0.00454368811811930
7.49000000000000	0.00408140273179995
7.50000000000000	0.00361876477856588
7.51000000000000	0.00315578187280037
7.52000000000000	0.00269246164071815
7.53000000000000	0.00222881172023132
7.54000000000000	0.00176483976081581
7.55000000000000	0.00130055342337671
7.56000000000000	0.000835960380112584
7.57000000000000	0.000371068314379674
7.58000000000000	-9.41150794451229e-05
7.59000000000000	-0.000559582096102056
7.60000000000000	-0.00102532501958649
7.61000000000000	-0.00149133612328824
7.62000000000000	-0.00195760767013070
7.63000000000000	-0.00242413191271230
7.64000000000000	-0.00289090109344668
7.65000000000000	-0.00335790744470567
7.66000000000000	-0.00382514318896111
7.67000000000000	-0.00429260053892904
7.68000000000000	-0.00476027169771303
7.69000000000000	-0.00522814885895001
7.70000000000000	-0.00569622420695507
7.71000000000000	-0.00616448991686838
7.72000000000000	-0.00663293815480224
7.73000000000000	-0.00710156107798919
7.74000000000000	-0.00757035083492992
7.75000000000000	-0.00803929956554347
7.76000000000000	-0.00850839940131715
7.77000000000000	-0.00897764246545699
7.78000000000000	-0.00944702087304028
7.79000000000000	-0.00991652673116703
7.80000000000000	-0.0103861521391144
7.81000000000000	-0.0108558891884890
7.82000000000000	-0.0113257299633831
7.83000000000000	-0.0117956665405294
7.84000000000000	-0.0122656909894573
7.85000000000000	-0.0127357953726505
7.86000000000000	-0.0132059717457037
7.87000000000000	-0.0136762121574825
7.88000000000000	-0.0141465086502816
7.89000000000000	-0.0146168532599859
7.90000000000000	-0.0150872380162307
7.91000000000000	-0.0155576549425635
7.92000000000000	-0.0160280960566075
7.93000000000000	-0.0164985533702229
7.94000000000000	-0.0169690188896730
7.95000000000000	-0.0174394846157876
7.96000000000000	-0.0179099425441296
7.97000000000000	-0.0183803846651611
7.98000000000000	-0.0188508029644103
7.99000000000000	-0.0193211894226402
8	-0.0197915360160166
8.01000000000000	-0.0202618347162789
8.02000000000000	-0.0207320774909096
8.03000000000000	-0.0212022563033056
8.04000000000000	-0.0216723631129509
8.05000000000000	-0.0221423898755891
8.06000000000000	-0.0226123285433970
8.07000000000000	-0.0230821710651593
8.08000000000000	-0.0235519093864435
8.09000000000000	-0.0240215354497769
8.10000000000000	-0.0244910411948229
8.11000000000000	-0.0249604185585588
8.12000000000000	-0.0254296594754547
8.13000000000000	-0.0258987558776524
8.14000000000000	-0.0263676996951473
8.15000000000000	-0.0268364828559665
8.16000000000000	-0.0273050972863541
8.17000000000000	-0.0277735349109515
8.18000000000000	-0.0282417876529825
8.19000000000000	-0.0287098474344364
8.20000000000000	-0.0291777061762547
8.21000000000000	-0.0296453557985167
8.22000000000000	-0.0301127882206258
8.23000000000000	-0.0305799953614984
8.24000000000000	-0.0310469691397518
8.25000000000000	-0.0315137014738943
8.26000000000000	-0.0319801842825151
8.27000000000000	-0.0324464094844760
8.28000000000000	-0.0329123689991028
8.29000000000000	-0.0333780547463795
8.30000000000000	-0.0338434586471407
8.31000000000000	-0.0343085726232672
8.32000000000000	-0.0347733885978818
8.33000000000000	-0.0352378984955444
8.34000000000000	-0.0357020942424505
8.35000000000000	-0.0361659677666295
8.36000000000000	-0.0366295109981427
8.37000000000000	-0.0370927158692843
8.38000000000000	-0.0375555743147811
8.39000000000000	-0.0380180782719954
8.40000000000000	-0.0384802196811268
8.41000000000000	-0.0389419904854160
8.42000000000000	-0.0394033826313488
8.43000000000000	-0.0398643880688615
8.44000000000000	-0.0403249987515478
8.45000000000000	-0.0407852066368640
8.46000000000000	-0.0412450036863393
8.47000000000000	-0.0417043818657823
8.48000000000000	-0.0421633331454924
8.49000000000000	-0.0426218495004702
8.50000000000000	-0.0430799229106279
8.51000000000000	-0.0435375453610030
8.52000000000000	-0.0439947088419715
8.53000000000000	-0.0444514053494612
8.54000000000000	-0.0449076268851685
8.55000000000000	-0.0453633654567729
8.56000000000000	-0.0458186130781547
8.57000000000000	-0.0462733617696139
8.58000000000000	-0.0467276035580869
8.59000000000000	-0.0471813304773687
8.60000000000000	-0.0476345345683316
8.61000000000000	-0.0480872078791485
8.62000000000000	-0.0485393424655145
8.63000000000000	-0.0489909303908704
8.64000000000000	-0.0494419637266281
8.65000000000000	-0.0498924345523946
8.66000000000000	-0.0503423349562000
8.67000000000000	-0.0507916570347235
8.68000000000000	-0.0512403928935221
8.69000000000000	-0.0516885346472595
8.70000000000000	-0.0521360744199372
8.71000000000000	-0.0525830043451246
8.72000000000000	-0.0530293165661913
8.73000000000000	-0.0534750032365403
8.74000000000000	-0.0539200565198424
8.75000000000000	-0.0543644685902696
8.76000000000000	-0.0548082316327331
8.77000000000000	-0.0552513378431189
8.78000000000000	-0.0556937794285252
8.79000000000000	-0.0561355486075028
8.80000000000000	-0.0565766376102940
8.81000000000000	-0.0570170386790726
8.82000000000000	-0.0574567440681874
8.83000000000000	-0.0578957460444033
8.84000000000000	-0.0583340368871462
8.85000000000000	-0.0587716088887468
8.86000000000000	-0.0592084543546874
8.87000000000000	-0.0596445656038476
8.88000000000000	-0.0600799349687516
8.89000000000000	-0.0605145547958193
8.90000000000000	-0.0609484174456127
8.91000000000000	-0.0613815152930893
8.92000000000000	-0.0618138407278524
8.93000000000000	-0.0622453861544034
8.94000000000000	-0.0626761439923972
8.95000000000000	-0.0631061066768958
8.96000000000000	-0.0635352666586237
8.97000000000000	-0.0639636164042254
8.98000000000000	-0.0643911483965230
8.99000000000000	-0.0648178551347750
9	-0.0652437291349357
9.01000000000000	-0.0656687629299168
9.02000000000000	-0.0660929490698485
9.03000000000000	-0.0665162801223428
9.04000000000000	-0.0669387486727577
9.05000000000000	-0.0673603473244619
9.06000000000000	-0.0677810686991004
9.07000000000000	-0.0682009054368625
9.08000000000000	-0.0686198501967491
9.09000000000000	-0.0690378956568421
9.10000000000000	-0.0694550345145748
9.11000000000000	-0.0698712594870028
9.12000000000000	-0.0702865633110770
9.13000000000000	-0.0707009387439158
9.14000000000000	-0.0711143785630808
9.15000000000000	-0.0715268755668513
9.16000000000000	-0.0719384225745016
9.17000000000000	-0.0723490124265780
9.18000000000000	-0.0727586379851778
9.19000000000000	-0.0731672921342294
9.20000000000000	-0.0735749677797719
9.21000000000000	-0.0739816578502393
9.22000000000000	-0.0743873552967406
9.23000000000000	-0.0747920530933461
9.24000000000000	-0.0751957442373722
9.25000000000000	-0.0755984217496667
9.26000000000000	-0.0760000786748968
9.27000000000000	-0.0764007080818379
9.28000000000000	-0.0768003030636622
9.29000000000000	-0.0771988567382304
9.30000000000000	-0.0775963622483827
9.31000000000000	-0.0779928127622312
9.32000000000000	-0.0783882014734561
9.33000000000000	-0.0787825216015973
9.34000000000000	-0.0791757663923538
9.35000000000000	-0.0795679291178786
9.36000000000000	-0.0799590030770789
9.37000000000000	-0.0803489815959147
9.38000000000000	-0.0807378580276991
9.39000000000000	-0.0811256257534015
9.40000000000000	-0.0815122781819486
9.41000000000000	-0.0818978087505298
9.42000000000000	-0.0822822109249023
9.43000000000000	-0.0826654781996964
9.44000000000000	-0.0830476040987244
9.45000000000000	-0.0834285821752877
9.46000000000000	-0.0838084060124881
9.47000000000000	-0.0841870692235367
9.48000000000000	-0.0845645654520681
9.49000000000000	-0.0849408883724521
9.50000000000000	-0.0853160316901083
9.51000000000000	-0.0856899891418219
9.52000000000000	-0.0860627544960611
9.53000000000000	-0.0864343215532925
9.54000000000000	-0.0868046841463029
9.55000000000000	-0.0871738361405177
9.56000000000000	-0.0875417714343230
9.57000000000000	-0.0879084839593878
9.58000000000000	-0.0882739676809877
9.59000000000000	-0.0886382165983302
9.60000000000000	-0.0890012247448798
9.61000000000000	-0.0893629861886864
9.62000000000000	-0.0897234950327129
9.63000000000000	-0.0900827454151650
9.64000000000000	-0.0904407315098229
9.65000000000000	-0.0907974475263715
9.66000000000000	-0.0911528877107353
9.67000000000000	-0.0915070463454122
9.68000000000000	-0.0918599177498092
9.69000000000000	-0.0922114962805790
9.70000000000000	-0.0925617763319580
9.71000000000000	-0.0929107523361065
9.72000000000000	-0.0932584187634485
9.73000000000000	-0.0936047701230126
9.74000000000000	-0.0939498009627765
9.75000000000000	-0.0942935058700108
9.76000000000000	-0.0946358794716230
9.77000000000000	-0.0949769164345062
9.78000000000000	-0.0953166114658853
9.79000000000000	-0.0956549593136674
9.80000000000000	-0.0959919547667906
9.81000000000000	-0.0963275926555781
9.82000000000000	-0.0966618678520878
9.83000000000000	-0.0969947752704689
9.84000000000000	-0.0973263098673166
9.85000000000000	-0.0976564666420284
9.86000000000000	-0.0979852406371617
9.87000000000000	-0.0983126269387944
9.88000000000000	-0.0986386206768829
9.89000000000000	-0.0989632170256267
9.90000000000000	-0.0992864112038281
9.91000000000000	-0.0996081984752597
9.92000000000000	-0.0999285741490277
9.93000000000000	-0.100247533579939
9.94000000000000	-0.100565072168870
9.95000000000000	-0.100881185363135
9.96000000000000	-0.101195868656858
9.97000000000000	-0.101509117591344
9.98000000000000	-0.101820927755453
9.99000000000000	-0.102131294785971
10	-0.102440214367992
10.0100000000000	-0.102747682235290
10.0200000000000	-0.103053694170700
10.0300000000000	-0.103358246006497
10.0400000000000	-0.103661333624776
10.0500000000000	-0.103962952957838
10.0600000000000	-0.104263099988568
10.0700000000000	-0.104561770750827
10.0800000000000	-0.104858961329832
10.0900000000000	-0.105154667862548
10.1000000000000	-0.105448886538075
10.1100000000000	-0.105741613598037
10.1200000000000	-0.106032845336981
10.1300000000000	-0.106322578102759
10.1400000000000	-0.106610808296931
10.1500000000000	-0.106897532375158
10.1600000000000	-0.107182746847599
10.1700000000000	-0.107466448279308
10.1800000000000	-0.107748633290638
10.1900000000000	-0.108029298557637
10.2000000000000	-0.108308440812457
10.2100000000000	-0.108586056843749
10.2200000000000	-0.108862143497079
10.2300000000000	-0.109136697675326
10.2400000000000	-0.109409716339094
10.2500000000000	-0.109681196507122
10.2600000000000	-0.109951135256691
10.2700000000000	-0.110219529724041
10.2800000000000	-0.110486377104784
10.2900000000000	-0.110751674654315
10.3000000000000	-0.111015419688232
10.3100000000000	-0.111277609582754
10.3200000000000	-0.111538241775137
10.3300000000000	-0.111797313764099
10.3400000000000	-0.112054823110239
10.3500000000000	-0.112310767436463
10.3600000000000	-0.112565144428404
10.3700000000000	-0.112817951834855
10.3800000000000	-0.113069187468193
10.3900000000000	-0.113318849204808
10.4000000000000	-0.113566934985533
10.4100000000000	-0.113813442816081
10.4200000000000	-0.114058370767471
10.4300000000000	-0.114301716976471
10.4400000000000	-0.114543479646026
10.4500000000000	-0.114783657045705
10.4600000000000	-0.115022247512131
10.4700000000000	-0.115259249449429
10.4800000000000	-0.115494661329665
10.4900000000000	-0.115728481693290
10.5000000000000	-0.115960709149585
10.5100000000000	-0.116191342377110
10.5200000000000	-0.116420380124148
10.5300000000000	-0.116647821209158
10.5400000000000	-0.116873664521223
10.5500000000000	-0.117097909020509
10.5600000000000	-0.117320553738710
10.5700000000000	-0.117541597779509
10.5800000000000	-0.117761040319035
10.5900000000000	-0.117978880606322
10.6000000000000	-0.118195117963765
10.6100000000000	-0.118409751787586
10.6200000000000	-0.118622781548296
10.6300000000000	-0.118834206791156
10.6400000000000	-0.119044027136650
10.6500000000000	-0.119252242280946
10.6600000000000	-0.119458851996370
10.6700000000000	-0.119663856131872
10.6800000000000	-0.119867254613503
10.6900000000000	-0.120069047444886
10.7000000000000	-0.120269234707692
10.7100000000000	-0.120467816562117
10.7200000000000	-0.120664793247359
10.7300000000000	-0.120860165082101
10.7400000000000	-0.121053932464988
10.7500000000000	-0.121246095875115
10.7600000000000	-0.121436655872508
10.7700000000000	-0.121625613098613
10.7800000000000	-0.121812968276780
10.7900000000000	-0.121998722212756
10.8000000000000	-0.122182875795175
10.8100000000000	-0.122365429996049
10.8200000000000	-0.122546385871263
10.8300000000000	-0.122725744561071
10.8400000000000	-0.122903507290594
10.8500000000000	-0.123079675370316
10.8600000000000	-0.123254250196587
10.8700000000000	-0.123427233252126
10.8800000000000	-0.123598626106520
10.8900000000000	-0.123768430416736
10.9000000000000	-0.123936647927621
10.9100000000000	-0.124103280472415
10.9200000000000	-0.124268329973260
10.9300000000000	-0.124431798441712
10.9400000000000	-0.124593687979253
10.9500000000000	-0.124754000777809
10.9600000000000	-0.124912739120263
10.9700000000000	-0.125069905380974
10.9800000000000	-0.125225502026301
10.9900000000000	-0.125379531615120
11	-0.125531996799350
11.0100000000000	-0.125682900324474
11.0200000000000	-0.125832245030072
11.0300000000000	-0.125980033850345
11.0400000000000	-0.126126269814642
11.0500000000000	-0.126270956048000
11.0600000000000	-0.126414095771670
11.0700000000000	-0.126555692303654
11.0800000000000	-0.126695749059244
11.0900000000000	-0.126834269551557
11.1000000000000	-0.126971257392075
11.1100000000000	-0.127106716291193
11.1200000000000	-0.127240650058752
11.1300000000000	-0.127373062604592
11.1400000000000	-0.127503957939098
11.1500000000000	-0.127633340173746
11.1600000000000	-0.127761213521653
11.1700000000000	-0.127887582298132
11.1800000000000	-0.128012450921243
11.1900000000000	-0.128135823912352
11.2000000000000	-0.128257705896682
11.2100000000000	-0.128378101603878
11.2200000000000	-0.128497015868566
11.2300000000000	-0.128614453630912
11.2400000000000	-0.128730419937191
11.2500000000000	-0.128844919940352
11.2600000000000	-0.128957958900580
11.2700000000000	-0.129069542185876
11.2800000000000	-0.129179675272616
11.2900000000000	-0.129288363746136
11.3000000000000	-0.129395613301296
11.3100000000000	-0.129501429743064
11.3200000000000	-0.129605818987091
11.3300000000000	-0.129708787060293
11.3400000000000	-0.129810340101430
11.3500000000000	-0.129910484361694
11.3600000000000	-0.130009226205288
11.3700000000000	-0.130106572110022
11.3800000000000	-0.130202528667894
11.3900000000000	-0.130297102585685
11.4000000000000	-0.130390300685552
11.4100000000000	-0.130482129905622
11.4200000000000	-0.130572597300586
11.4300000000000	-0.130661710042302
11.4400000000000	-0.130749475420390
11.4500000000000	-0.130835900842836
11.4600000000000	-0.130920993836599
11.4700000000000	-0.131004762048212
11.4800000000000	-0.131087213244390
11.4900000000000	-0.131168355312642
11.5000000000000	-0.131248196261880
11.5100000000000	-0.131326744223030
11.5200000000000	-0.131404007449655
11.5300000000000	-0.131479994318563
11.5400000000000	-0.131554713330427
11.5500000000000	-0.131628173110411
11.5600000000000	-0.131700382408788
11.5700000000000	-0.131771350101564
11.5800000000000	-0.131841085191107
11.5900000000000	-0.131909596806772
11.6000000000000	-0.131976894205535
11.6100000000000	-0.132042986772620
11.6200000000000	-0.132107884022136
11.6300000000000	-0.132171595597714
11.6400000000000	-0.132234131273141
11.6500000000000	-0.132295500953002
11.6600000000000	-0.132355714673322
11.6700000000000	-0.132414782602207
11.6800000000000	-0.132472715040494
11.6900000000000	-0.132529522422391
11.7000000000000	-0.132585215316134
11.7100000000000	-0.132639804424633
11.7200000000000	-0.132693300586132
11.7300000000000	-0.132745714774853
11.7400000000000	-0.132797058101663
11.7500000000000	-0.132847341814732
11.7600000000000	-0.132896577300188
11.7700000000000	-0.132944776082787
11.7800000000000	-0.132991949826573
11.7900000000000	-0.133038110335551
11.8000000000000	-0.133083269554348
11.8100000000000	-0.133127439568893
11.8200000000000	-0.133170632607083
11.8300000000000	-0.133212861039461
11.8400000000000	-0.133254137379896
11.8500000000000	-0.133294474286254
11.8600000000000	-0.133333884561090
11.8700000000000	-0.133372381152322
11.8800000000000	-0.133409977153921
11.8900000000000	-0.133446685806598
11.9000000000000	-0.133482520498492
11.9100000000000	-0.133517494765861
11.9200000000000	-0.133551622293777
11.9300000000000	-0.133584916916824
11.9400000000000	-0.133617392619786
11.9500000000000	-0.133649063538360
11.9600000000000	-0.133679943959847
11.9700000000000	-0.133710048323861
11.9800000000000	-0.133739391223033
11.9900000000000	-0.133767987403721
12	-0.133795851766717
12.0100000000000	-0.133822999367960
12.0200000000000	-0.133849445419255
12.0300000000000	-0.133875205288982
12.0400000000000	-0.133900294502819
12.0500000000000	-0.133924728744463
12.0600000000000	-0.133948523856349
12.0700000000000	-0.133971695840379
12.0800000000000	-0.133994260858647
12.0900000000000	-0.134016235234167
12.1000000000000	-0.134037635451608
12.1100000000000	-0.134058478158023
12.1200000000000	-0.134078780163588
12.1300000000000	-0.134098558442339
12.1400000000000	-0.134117830132908
12.1500000000000	-0.134136612539273
12.1600000000000	-0.134154923131496
12.1700000000000	-0.134172779546469
12.1800000000000	-0.134190199588668
12.1900000000000	-0.134207201230898
12.2000000000000	-0.134223802615051
12.2100000000000	-0.134240022052857
12.2200000000000	-0.134255878026644
12.2300000000000	-0.134271389190095
12.2400000000000	-0.134286574369015
12.2500000000000	-0.134301452562089
12.2600000000000	-0.134316042941654
12.2700000000000	-0.134330364854460
12.2800000000000	-0.134344437822449
12.2900000000000	-0.134358281543522
12.3000000000000	-0.134371915892319
12.3100000000000	-0.134385360920992
12.3200000000000	-0.134398636859987
12.3300000000000	-0.134411764118827
12.3400000000000	-0.134424763286893
12.3500000000000	-0.134437655134213
12.3600000000000	-0.134450460612253
12.3700000000000	-0.134463200854702
12.3800000000000	-0.134475897178272
12.3900000000000	-0.134488571083487
12.4000000000000	-0.134501244255490
12.4100000000000	-0.134513938564832
12.4200000000000	-0.134526676068285
12.4300000000000	-0.134539479009639
12.4400000000000	-0.134552369820517
12.4500000000000	-0.134565371121176
12.4600000000000	-0.134578505721325
12.4700000000000	-0.134591796620939
12.4800000000000	-0.134605267011072
12.4900000000000	-0.134618940274679
12.5000000000000	-0.134632839987436
12.5100000000000	-0.134646989918563
12.5200000000000	-0.134661414031654
12.5300000000000	-0.134676136485499
12.5400000000000	-0.134691181634920
12.5500000000000	-0.134706574031602
12.5600000000000	-0.134722338424930
12.5700000000000	-0.134738499762822
12.5800000000000	-0.134755083192579
12.5900000000000	-0.134772114061716
12.6000000000000	-0.134789617918819
12.6100000000000	-0.134807620514381
12.6200000000000	-0.134826147801661
12.6300000000000	-0.134845225937532
12.6400000000000	-0.134864881283336
12.6500000000000	-0.134885140405744
12.6600000000000	-0.134906030077613
12.6700000000000	-0.134927577278849
12.6800000000000	-0.134949809197272
12.6900000000000	-0.134972753229482
12.7000000000000	-0.134996436981730
12.7100000000000	-0.135020888270791
12.7200000000000	-0.135046135124832
12.7300000000000	-0.135072205784300
12.7400000000000	-0.135099128702793
12.7500000000000	-0.135126932547942
12.7600000000000	-0.135155646202302
12.7700000000000	-0.135185298764232
12.7800000000000	-0.135215919548789
12.7900000000000	-0.135247538088617
12.8000000000000	-0.135280184134845
12.8100000000000	-0.135313887657980
12.8200000000000	-0.135348678848811
12.8300000000000	-0.135384588119308
12.8400000000000	-0.135421646103526
12.8500000000000	-0.135459883658517
12.8600000000000	-0.135499331865233
12.8700000000000	-0.135540022029447
12.8800000000000	-0.135581985682658
12.8900000000000	-0.135625254583019
12.9000000000000	-0.135669860716247
12.9100000000000	-0.135715836296553
12.9200000000000	-0.135763213767566
12.9300000000000	-0.135812025803257
12.9400000000000	-0.135862305308876
12.9500000000000	-0.135914085421877
12.9600000000000	-0.135967399512863
12.9700000000000	-0.136022281186518
12.9800000000000	-0.136078764282548
12.9900000000000	-0.136136882876629
13	-0.136196671281351
13.0100000000000	-0.136258164047166
13.0200000000000	-0.136321395963338
13.0300000000000	-0.136386402058906
13.0400000000000	-0.136453217603628
13.0500000000000	-0.136521878108951
13.0600000000000	-0.136592419328971
13.0700000000000	-0.136664877261395
13.0800000000000	-0.136739288148509
13.0900000000000	-0.136815688478154
13.1000000000000	-0.136894114984692
13.1100000000000	-0.136974604649986
13.1200000000000	-0.137057194704377
13.1300000000000	-0.137141922627668
13.1400000000000	-0.137228826150103
13.1500000000000	-0.137317943253360
13.1600000000000	-0.137409312171534
13.1700000000000	-0.137502971392135
13.1800000000000	-0.137598959657079
13.1900000000000	-0.137697315963687
13.2000000000000	-0.137798079565690
13.2100000000000	-0.137901289974223
13.2200000000000	-0.138006986958839
13.2300000000000	-0.138115210548517
13.2400000000000	-0.138226001032669
13.2500000000000	-0.138339398962160
13.2600000000000	-0.138455445150322
13.2700000000000	-0.138574180673976
13.2800000000000	-0.138695646874454
13.2900000000000	-0.138819885358624
13.3000000000000	-0.138946937999923
13.3100000000000	-0.139076846939381
13.3200000000000	-0.139209654586662
13.3300000000000	-0.139345403621100
13.3400000000000	-0.139484136992736
13.3500000000000	-0.139625897923363
13.3600000000000	-0.139770729907573
13.3700000000000	-0.139918676713805
13.3800000000000	-0.140069782385393
13.3900000000000	-0.140224091241627
13.4000000000000	-0.140381647878806
13.4100000000000	-0.140542497171299
13.4200000000000	-0.140706684272608
13.4300000000000	-0.140874254616438
13.4400000000000	-0.141045253917757
13.4500000000000	-0.141219728173882
13.4600000000000	-0.141397723665539
13.4700000000000	-0.141579286957952
13.4800000000000	-0.141764464901919
13.4900000000000	-0.141953304634894
13.5000000000000	-0.142145853582082
13.5100000000000	-0.142342159457518
13.5200000000000	-0.142542270265169
13.5300000000000	-0.142746234300025
13.5400000000000	-0.142954100149198
13.5500000000000	-0.143165916693024
13.5600000000000	-0.143381733106173
13.5700000000000	-0.143601598858747
13.5800000000000	-0.143825563717400
13.5900000000000	-0.144053677746445
13.6000000000000	-0.144285991308978
13.6100000000000	-0.144522555067992
13.6200000000000	-0.144763419987502
13.6300000000000	-0.145008637333672
13.6400000000000	-0.145258258675944
13.6500000000000	-0.145512335888170
13.6600000000000	-0.145770921149747
13.6700000000000	-0.146034066946756
13.6800000000000	-0.146301826073103
13.6900000000000	-0.146574251631665
13.7000000000000	-0.146851397035437
13.7100000000000	-0.147133316008681
13.7200000000000	-0.147420062588085
13.7300000000000	-0.147711691123912
13.7400000000000	-0.148008256281174
13.7500000000000	-0.148309813040776
13.7600000000000	-0.148616416700703
13.7700000000000	-0.148928122877176
13.7800000000000	-0.149244987505829
13.7900000000000	-0.149567066842887
13.8000000000000	-0.149894417466345
13.8100000000000	-0.150227096277146
13.8200000000000	-0.150565160500373
13.8300000000000	-0.150908667686435
13.8400000000000	-0.151257675712259
13.8500000000000	-0.151612242782484
13.8600000000000	-0.151972427430665
13.8700000000000	-0.152338288520468
13.8800000000000	-0.152709885246881
13.8900000000000	-0.153087277137420
13.9000000000000	-0.153470524053337
13.9100000000000	-0.153859686190842
13.9200000000000	-0.154254824082318
13.9300000000000	-0.154655998597539
13.9400000000000	-0.155063270944902
13.9500000000000	-0.155476702672646
13.9600000000000	-0.155896355670095
13.9700000000000	-0.156322292168880
13.9800000000000	-0.156754574744187
13.9900000000000	-0.157193266315993
14	-0.157638430150313
14.0100000000000	-0.158090129860449
14.0200000000000	-0.158548429408237
14.0300000000000	-0.159013393105306
14.0400000000000	-0.159485085614333
14.0500000000000	-0.159963571950312
14.0600000000000	-0.160448917481805
14.0700000000000	-0.160941187932225
14.0800000000000	-0.161440449381100
14.0900000000000	-0.161946768265346
14.1000000000000	-0.162460211380554
14.1100000000000	-0.162980845882265
14.1200000000000	-0.163508739287254
14.1300000000000	-0.164043959474827
14.1400000000000	-0.164586574688109
14.1500000000000	-0.165136653535336
14.1600000000000	-0.165694264991157
14.1700000000000	-0.166259478397942
14.1800000000000	-0.166832363467078
14.1900000000000	-0.167412990280288
14.2000000000000	-0.168001429290941
14.2100000000000	-0.168597751325364
14.2200000000000	-0.169202027584172
14.2300000000000	-0.169814329643578
14.2400000000000	-0.170434729456735
14.2500000000000	-0.171063299355060
14.2600000000000	-0.171700112049565
14.2700000000000	-0.172345240632201
14.2800000000000	-0.172998758577194
14.2900000000000	-0.173660739742397
14.3000000000000	-0.174331258370630
14.3100000000000	-0.175010389091040
14.3200000000000	-0.175698206920454
14.3300000000000	-0.176394787264735
14.3400000000000	-0.177100205920151
14.3500000000000	-0.177814539074735
14.3600000000000	-0.178537863309666
14.3700000000000	-0.179270255600627
14.3800000000000	-0.180011793319200
14.3900000000000	-0.180762554234231
14.4000000000000	-0.181522616513230
14.4100000000000	-0.182292058723746
14.4200000000000	-0.183070959834772
14.4300000000000	-0.183859399218128
14.4400000000000	-0.184657456649872
14.4500000000000	-0.185465212311697
14.4600000000000	-0.186282746792338
14.4700000000000	-0.187110141088986
14.4800000000000	-0.187947476608703
14.4900000000000	-0.188794835169835
14.5000000000000	-0.189652299003440
14.5100000000000	-0.190519950754707
14.5200000000000	-0.191397873484396
14.5300000000000	-0.192286150670260
14.5400000000000	-0.193184866208488
14.5500000000000	-0.194094104415147
14.5600000000000	-0.195013950027626
14.5700000000000	-0.195944488206078
14.5800000000000	-0.196885804534883
14.5900000000000	-0.197837985024098
14.6000000000000	-0.198801116110915
14.6100000000000	-0.199775284661134
14.6200000000000	-0.200760577970618
14.6300000000000	-0.201757083766775
14.6400000000000	-0.202764890210029
14.6500000000000	-0.203784085895302
14.6600000000000	-0.204814759853492
14.6700000000000	-0.205857001552968
14.6800000000000	-0.206910900901050
14.6900000000000	-0.207976548245520
14.7000000000000	-0.209054034376105
14.7100000000000	-0.210143450525987
14.7200000000000	-0.211244888373312
14.7300000000000	-0.212358440042696
14.7400000000000	-0.213484198106745
14.7500000000000	-0.214622255587566
14.7600000000000	-0.215772705958298
14.7700000000000	-0.216935643144634
14.7800000000000	-0.218111161526354
14.7900000000000	-0.219299355938857
14.8000000000000	-0.220500321674698
14.8100000000000	-0.221714154485143
14.8200000000000	-0.222940950581698
14.8300000000000	-0.224180806637671
14.8400000000000	-0.225433819789731
14.8500000000000	-0.226700087639451
14.8600000000000	-0.227979708254886
14.8700000000000	-0.229272780172135
14.8800000000000	-0.230579402396911
14.8900000000000	-0.231899674406118
14.9000000000000	-0.233233696149430
14.9100000000000	-0.234581568050873
14.9200000000000	-0.235943391010417
14.9300000000000	-0.237319266405562
14.9400000000000	-0.238709296092942
14.9500000000000	-0.240113582409917
14.9600000000000	-0.241532228176182
14.9700000000000	-0.242965336695373
14.9800000000000	-0.244413011756683
14.9900000000000	-0.245875357636477
15	-0.247352479099913
15.0100000000000	-0.248844481402567
15.0200000000000	-0.250351470292065
15.0300000000000	-0.251873552009715
15.0400000000000	-0.253410833292144
15.0500000000000	-0.254963421372945
15.0600000000000	-0.256531423984315
15.0700000000000	-0.258114949358716
15.0800000000000	-0.259714106230527
15.0900000000000	-0.261329003837696
15.1000000000000	-0.262959751923415
15.1100000000000	-0.264606460737784
15.1200000000000	-0.266269241039478
15.1300000000000	-0.267948204097434
15.1400000000000	-0.269643461692523
15.1500000000000	-0.271355126119240
15.1600000000000	-0.273083310187395
15.1700000000000	-0.274828127223804
15.1800000000000	-0.276589691073991
15.1900000000000	-0.278368116103888
15.2000000000000	-0.280163517201543
15.2100000000000	-0.281976009778835
15.2200000000000	-0.283805709773190
15.2300000000000	-0.285652733649293
15.2400000000000	-0.287517198400832
15.2500000000000	-0.289399221552203
15.2600000000000	-0.291298921160269
15.2700000000000	-0.293216415816077
15.2800000000000	-0.295151824646621
15.2900000000000	-0.297105267316571
15.3000000000000	-0.299076864030043
15.3100000000000	-0.301066735532341
15.3200000000000	-0.303075003111724
15.3300000000000	-0.305101788601176
15.3400000000000	-0.307147214380171
15.3500000000000	-0.309211403376446
15.3600000000000	-0.311294479067791
15.3700000000000	-0.313396565483819
15.3800000000000	-0.315517787207766
15.3900000000000	-0.317658269378280
15.4000000000000	-0.319818137691219
15.4100000000000	-0.321997518401450
15.4200000000000	-0.324196538324668
15.4300000000000	-0.326415324839192
15.4400000000000	-0.328654005887796
15.4500000000000	-0.330912709979517
15.4600000000000	-0.333191566191496
15.4700000000000	-0.335490704170789
15.4800000000000	-0.337810254136226
15.4900000000000	-0.340150346880232
15.5000000000000	-0.342511113770677
15.5100000000000	-0.344892686752730
15.5200000000000	-0.347295198350715
15.5300000000000	-0.349718781669953
15.5400000000000	-0.352163570398649
15.5500000000000	-0.354629698809746
15.5600000000000	-0.357117301762802
15.5700000000000	-0.359626514705869
15.5800000000000	-0.362157473677370
15.5900000000000	-0.364710315308006
15.6000000000000	-0.367285176822619
15.6100000000000	-0.369882196042114
15.6200000000000	-0.372501511385355
15.6300000000000	-0.375143261871064
15.6400000000000	-0.377807587119742
15.6500000000000	-0.380494627355584
15.6600000000000	-0.383204523408397
15.6700000000000	-0.385937416715535
15.6800000000000	-0.388693449323827
15.6900000000000	-0.391472763891510
15.7000000000000	-0.394275503690170
15.7100000000000	-0.397101812606700
15.7200000000000	-0.399951835145238
15.7300000000000	-0.402825716429130
15.7400000000000	-0.405723602202897
15.7500000000000	-0.408645638834190
15.7600000000000	-0.411591973315774
15.7700000000000	-0.414562753267490
15.7800000000000	-0.417558126938253
15.7900000000000	-0.420578243208023
15.8000000000000	-0.423623251589816
15.8100000000000	-0.426693302231680
15.8200000000000	-0.429788545918712
15.8300000000000	-0.432909134075060
15.8400000000000	-0.436055218765933
15.8500000000000	-0.439226952699625
15.8600000000000	-0.442424489229529
15.8700000000000	-0.445647982356173
15.8800000000000	-0.448897586729252
15.8900000000000	-0.452173457649653
15.9000000000000	-0.455475751071520
15.9100000000000	-0.458804623604281
15.9200000000000	-0.462160232514721
15.9300000000000	-0.465542735729031
15.9400000000000	-0.468952291834863
15.9500000000000	-0.472389060083418
15.9600000000000	-0.475853200391510
15.9700000000000	-0.479344873343648
15.9800000000000	-0.482864240194121
15.9900000000000	-0.486411462869087
16	-0.489986703968668

