1	0.0328143074295081
2	0.0656280601653800
3	0.0904989377684027
4	0.104612463291591
5	0.0983204699723455
5	0.0983204699723455
5	0.0983204699723455
6	0.0711762800026477
7	0.0237483048055193
8	-0.0254741741503901
9	-0.0655076133855633
1	0.0328143074295081
2	0.0656280601653800
3	0.0904989377684027
4	0.104612463291591
5	0.0983204699723455
5	0.0983204699723455
5	0.0983204699723455
6	0.0711762800026477
7	0.0237483048055193
8	-0.0254741741503901
1	0.0328143074295081
2	0.0656280601653800
3	0.0904989377684027
4	0.104612463291591
5	0.0983204699723455
5	0.0983204699723455
5	0.0983204699723455
6	0.0711762800026477
7	0.0237483048055193
8	-0.0254741741503901
10	-0.0941393522225986
11	-0.123995258588346
12	-0.133573698530846
13	-0.139019292136826
14	-0.157812386289951
15	-0.181521108809709
16	-0.205481293895774

