0	0
0.0100000000000000	0.000469492680369735
0.0200000000000000	0.000938980030262754
0.0300000000000000	0.00140845671932093
0.0400000000000000	0.00187791741742334
0.0500000000000000	0.00234735679480481
0.0600000000000000	0.00281676952217456
0.0700000000000000	0.00328615027083474
0.0800000000000000	0.00375549371279904
0.0900000000000000	0.00422479452091122
0.100000000000000	0.00469404736896371
0.110000000000000	0.00516324693181613
0.120000000000000	0.00563238788551386
0.130000000000000	0.00610146490740652
0.140000000000000	0.00657047267626654
0.150000000000000	0.00703940587240759
0.160000000000000	0.00750825917780315
0.170000000000000	0.00797702727620489
0.180000000000000	0.00844570485326116
0.190000000000000	0.00891428659663542
0.200000000000000	0.00938276719612462
0.210000000000000	0.00985114134377763
0.220000000000000	0.0103194037340135
0.230000000000000	0.0107875490637400
0.240000000000000	0.0112555720324716
0.250000000000000	0.0117234673424481
0.260000000000000	0.0121912296987528
0.270000000000000	0.0126588538094303
0.280000000000000	0.0131263343856054
0.290000000000000	0.0135936661416009
0.300000000000000	0.0140608437950555
0.310000000000000	0.0145278620670424
0.320000000000000	0.0149947156821868
0.330000000000000	0.0154613993687845
0.340000000000000	0.0159279078589195
0.350000000000000	0.0163942358885819
0.360000000000000	0.0168603781977861
0.370000000000000	0.0173263295306884
0.380000000000000	0.0177920846357050
0.390000000000000	0.0182576382656297
0.400000000000000	0.0187229851777516
0.410000000000000	0.0191881201339727
0.420000000000000	0.0196530379009258
0.430000000000000	0.0201177332500917
0.440000000000000	0.0205822009579172
0.450000000000000	0.0210464358059322
0.460000000000000	0.0215104325808672
0.470000000000000	0.0219741860747707
0.480000000000000	0.0224376910851268
0.490000000000000	0.0229009424149720
0.500000000000000	0.0233639348730126
0.510000000000000	0.0238266632737418
0.520000000000000	0.0242891224375572
0.530000000000000	0.0247513071908770
0.540000000000000	0.0252132123662575
0.550000000000000	0.0256748328025103
0.560000000000000	0.0261361633448182
0.570000000000000	0.0265971988448529
0.580000000000000	0.0270579341608910
0.590000000000000	0.0275183641579312
0.600000000000000	0.0279784837078103
0.610000000000000	0.0284382876893201
0.620000000000000	0.0288977709883236
0.630000000000000	0.0293569284978714
0.640000000000000	0.0298157551183181
0.650000000000000	0.0302742457574381
0.660000000000000	0.0307323953305421
0.670000000000000	0.0311901987605929
0.680000000000000	0.0316476509783215
0.690000000000000	0.0321047469223427
0.700000000000000	0.0325614815392712
0.710000000000000	0.0330178497838371
0.720000000000000	0.0334738466190017
0.730000000000000	0.0339294670160726
0.740000000000000	0.0343847059548198
0.750000000000000	0.0348395584235902
0.760000000000000	0.0352940194194238
0.770000000000000	0.0357480839481681
0.780000000000000	0.0362017470245936
0.790000000000000	0.0366550036725085
0.800000000000000	0.0371078489248739
0.810000000000000	0.0375602778239183
0.820000000000000	0.0380122854212524
0.830000000000000	0.0384638667779838
0.840000000000000	0.0389150169648312
0.850000000000000	0.0393657310622390
0.860000000000000	0.0398160041604918
0.870000000000000	0.0402658313598279
0.880000000000000	0.0407152077705541
0.890000000000000	0.0411641285131594
0.900000000000000	0.0416125887184285
0.910000000000000	0.0420605835275561
0.920000000000000	0.0425081080922605
0.930000000000000	0.0429551575748965
0.940000000000000	0.0434017271485696
0.950000000000000	0.0438478119972488
0.960000000000000	0.0442934073158800
0.970000000000000	0.0447385083104990
0.980000000000000	0.0451831101983444
0.990000000000000	0.0456272082079705
1	0.0460707975793601
1.01000000000000	0.0465138735640369
1.02000000000000	0.0469564314251779
1.03000000000000	0.0473984664377262
1.04000000000000	0.0478399738885026
1.05000000000000	0.0482809490763183
1.06000000000000	0.0487213873120862
1.07000000000000	0.0491612839189333
1.08000000000000	0.0496006342323122
1.09000000000000	0.0500394336001125
1.10000000000000	0.0504776773827725
1.11000000000000	0.0509153609533902
1.12000000000000	0.0513524796978349
1.13000000000000	0.0517890290148578
1.14000000000000	0.0522250043162029
1.15000000000000	0.0526604010267183
1.16000000000000	0.0530952145844661
1.17000000000000	0.0535294404408332
1.18000000000000	0.0539630740606417
1.19000000000000	0.0543961109222588
1.20000000000000	0.0548285465177072
1.21000000000000	0.0552603763527747
1.22000000000000	0.0556915959471239
1.23000000000000	0.0561222008344020
1.24000000000000	0.0565521865623502
1.25000000000000	0.0569815486929128
1.26000000000000	0.0574102828023464
1.27000000000000	0.0578383844813291
1.28000000000000	0.0582658493350690
1.29000000000000	0.0586926729834128
1.30000000000000	0.0591188510609549
1.31000000000000	0.0595443792171449
1.32000000000000	0.0599692531163965
1.33000000000000	0.0603934684381950
1.34000000000000	0.0608170208772055
1.35000000000000	0.0612399061433803
1.36000000000000	0.0616621199620667
1.37000000000000	0.0620836580741142
1.38000000000000	0.0625045162359816
1.39000000000000	0.0629246902198441
1.40000000000000	0.0633441758137003
1.41000000000000	0.0637629688214784
1.42000000000000	0.0641810650631434
1.43000000000000	0.0645984603748026
1.44000000000000	0.0650151506088125
1.45000000000000	0.0654311316338841
1.46000000000000	0.0658463993351892
1.47000000000000	0.0662609496144656
1.48000000000000	0.0666747783901230
1.49000000000000	0.0670878815973475
1.50000000000000	0.0675002551882074
1.51000000000000	0.0679118951317576
1.52000000000000	0.0683227974141445
1.53000000000000	0.0687329580387104
1.54000000000000	0.0691423730260976
1.55000000000000	0.0695510384143530
1.56000000000000	0.0699589502590314
1.57000000000000	0.0703661046332998
1.58000000000000	0.0707724976280404
1.59000000000000	0.0711781253519543
1.60000000000000	0.0715829839316645
1.61000000000000	0.0719870695118187
1.62000000000000	0.0723903782551923
1.63000000000000	0.0727929063427907
1.64000000000000	0.0731946499739516
1.65000000000000	0.0735956053664474
1.66000000000000	0.0739957687565867
1.67000000000000	0.0743951363993163
1.68000000000000	0.0747937045683228
1.69000000000000	0.0751914695561334
1.70000000000000	0.0755884276742173
1.71000000000000	0.0759845752530868
1.72000000000000	0.0763799086423974
1.73000000000000	0.0767744242110486
1.74000000000000	0.0771681183472840
1.75000000000000	0.0775609874587912
1.76000000000000	0.0779530279728021
1.77000000000000	0.0783442363361915
1.78000000000000	0.0787346090155772
1.79000000000000	0.0791241424974192
1.80000000000000	0.0795128332881177
1.81000000000000	0.0799006779141128
1.82000000000000	0.0802876729219822
1.83000000000000	0.0806738148785398
1.84000000000000	0.0810591003709335
1.85000000000000	0.0814435260067430
1.86000000000000	0.0818270884140774
1.87000000000000	0.0822097842416720
1.88000000000000	0.0825916101589861
1.89000000000000	0.0829725628562994
1.90000000000000	0.0833526390448082
1.91000000000000	0.0837318354567225
1.92000000000000	0.0841101488453616
1.93000000000000	0.0844875759852498
1.94000000000000	0.0848641136722125
1.95000000000000	0.0852397587234712
1.96000000000000	0.0856145079777385
1.97000000000000	0.0859883582953134
1.98000000000000	0.0863613065581756
1.99000000000000	0.0867333496700797
2	0.0871044845566499
2.01000000000000	0.0874747081654731
2.02000000000000	0.0878440174661930
2.03000000000000	0.0882124094506035
2.04000000000000	0.0885798811327413
2.05000000000000	0.0889464295489793
2.06000000000000	0.0893120517581187
2.07000000000000	0.0896767448414817
2.08000000000000	0.0900405059030031
2.09000000000000	0.0904033320693226
2.10000000000000	0.0907652204898758
2.11000000000000	0.0911261683369859
2.12000000000000	0.0914861728059542
2.13000000000000	0.0918452311151514
2.14000000000000	0.0922033405061075
2.15000000000000	0.0925604982436021
2.16000000000000	0.0929167016157547
2.17000000000000	0.0932719479341136
2.18000000000000	0.0936262345337459
2.19000000000000	0.0939795587733261
2.20000000000000	0.0943319180352251
2.21000000000000	0.0946833097255987
2.22000000000000	0.0950337312744758
2.23000000000000	0.0953831801358462
2.24000000000000	0.0957316537877485
2.25000000000000	0.0960791497323572
2.26000000000000	0.0964256654960699
2.27000000000000	0.0967711986295943
2.28000000000000	0.0971157467080341
2.29000000000000	0.0974593073309758
2.30000000000000	0.0978018781225743
2.31000000000000	0.0981434567316388
2.32000000000000	0.0984840408317176
2.33000000000000	0.0988236281211836
2.34000000000000	0.0991622163233188
2.35000000000000	0.0994998031863988
2.36000000000000	0.0998363864837769
2.37000000000000	0.100171964013968
2.38000000000000	0.100506533600731
2.39000000000000	0.100840093093155
2.40000000000000	0.101172640365738
2.41000000000000	0.101504173318474
2.42000000000000	0.101834689876931
2.43000000000000	0.102164187992335
2.44000000000000	0.102492665641652
2.45000000000000	0.102820120827671
2.46000000000000	0.103146551579079
2.47000000000000	0.103471955950547
2.48000000000000	0.103796332022812
2.49000000000000	0.104119677902749
2.50000000000000	0.104441991723460
2.51000000000000	0.104763271644347
2.52000000000000	0.105083515851193
2.53000000000000	0.105402722556242
2.54000000000000	0.105720889998277
2.55000000000000	0.106038016442697
2.56000000000000	0.106354100181594
2.57000000000000	0.106669139533833
2.58000000000000	0.106983132845128
2.59000000000000	0.107296078488118
2.60000000000000	0.107607974862445
2.61000000000000	0.107918820394829
2.62000000000000	0.108228613539142
2.63000000000000	0.108537352776488
2.64000000000000	0.108845036615274
2.65000000000000	0.109151663591286
2.66000000000000	0.109457232267764
2.67000000000000	0.109761741235475
2.68000000000000	0.110065189112788
2.69000000000000	0.110367574545746
2.70000000000000	0.110668896208139
2.71000000000000	0.110969152801578
2.72000000000000	0.111268343055567
2.73000000000000	0.111566465727572
2.74000000000000	0.111863519603097
2.75000000000000	0.112159503495753
2.76000000000000	0.112454416247328
2.77000000000000	0.112748256727859
2.78000000000000	0.113041023835700
2.79000000000000	0.113332716497596
2.80000000000000	0.113623333668748
2.81000000000000	0.113912874332883
2.82000000000000	0.114201337502324
2.83000000000000	0.114488722218060
2.84000000000000	0.114775027549806
2.85000000000000	0.115060252596082
2.86000000000000	0.115344396484269
2.87000000000000	0.115627458370684
2.88000000000000	0.115909437440644
2.89000000000000	0.116190332908527
2.90000000000000	0.116470144017847
2.91000000000000	0.116748870041311
2.92000000000000	0.117026510280889
2.93000000000000	0.117303064067873
2.94000000000000	0.117578530762950
2.95000000000000	0.117852909756256
2.96000000000000	0.118126200467444
2.97000000000000	0.118398402345750
2.98000000000000	0.118669514870048
2.99000000000000	0.118939537548918
3	0.119208469920705
3.01000000000000	0.119476311553583
3.02000000000000	0.119743062045612
3.03000000000000	0.120008721024802
3.04000000000000	0.120273288149171
3.05000000000000	0.120536763106807
3.06000000000000	0.120799145615924
3.07000000000000	0.121060435424923
3.08000000000000	0.121320632312451
3.09000000000000	0.121579736087458
3.10000000000000	0.121837746589255
3.11000000000000	0.122094663687570
3.12000000000000	0.122350487282607
3.13000000000000	0.122605217305103
3.14000000000000	0.122858853716380
3.15000000000000	0.123111396508403
3.16000000000000	0.123362845703838
3.17000000000000	0.123613201356100
3.18000000000000	0.123862463549414
3.19000000000000	0.124110632398865
3.20000000000000	0.124357708050453
3.21000000000000	0.124603690681145
3.22000000000000	0.124848580498928
3.23000000000000	0.125092377742863
3.24000000000000	0.125335082683133
3.25000000000000	0.125576695621096
3.26000000000000	0.125817216889339
3.27000000000000	0.126056646851721
3.28000000000000	0.126294985903433
3.29000000000000	0.126532234471036
3.30000000000000	0.126768393012522
3.31000000000000	0.127003462017351
3.32000000000000	0.127237442006510
3.33000000000000	0.127470333532551
3.34000000000000	0.127702137179647
3.35000000000000	0.127932853563632
3.36000000000000	0.128162483332050
3.37000000000000	0.128391027164203
3.38000000000000	0.128618485771192
3.39000000000000	0.128844859895966
3.40000000000000	0.129070150313365
3.41000000000000	0.129294357830162
3.42000000000000	0.129517483285111
3.43000000000000	0.129739527548987
3.44000000000000	0.129960491524628
3.45000000000000	0.130180376146981
3.46000000000000	0.130399182383140
3.47000000000000	0.130616911232387
3.48000000000000	0.130833563726238
3.49000000000000	0.131049140928477
3.50000000000000	0.131263643935198
3.51000000000000	0.131477073874847
3.52000000000000	0.131689431908257
3.53000000000000	0.131900719228690
3.54000000000000	0.132110937061871
3.55000000000000	0.132320086666027
3.56000000000000	0.132528169331927
3.57000000000000	0.132735186382913
3.58000000000000	0.132941139174940
3.59000000000000	0.133146029096610
3.60000000000000	0.133349857569207
3.61000000000000	0.133552626046731
3.62000000000000	0.133754336015933
3.63000000000000	0.133954988996349
3.64000000000000	0.134154586540329
3.65000000000000	0.134353130233076
3.66000000000000	0.134550621692671
3.67000000000000	0.134747062570109
3.68000000000000	0.134942454549330
3.69000000000000	0.135136799347246
3.70000000000000	0.135330098713775
3.71000000000000	0.135522354431865
3.72000000000000	0.135713568317531
3.73000000000000	0.135903742219874
3.74000000000000	0.136092878021117
3.75000000000000	0.136280977636627
3.76000000000000	0.136468043014943
3.77000000000000	0.136654076137806
3.78000000000000	0.136839079020178
3.79000000000000	0.137023053710272
3.80000000000000	0.137206002289577
3.81000000000000	0.137387926872878
3.82000000000000	0.137568829608285
3.83000000000000	0.137748712677252
3.84000000000000	0.137927578294601
3.85000000000000	0.138105428708544
3.86000000000000	0.138282266200704
3.87000000000000	0.138458093086138
3.88000000000000	0.138632911713355
3.89000000000000	0.138806724464336
3.90000000000000	0.138979533754554
3.91000000000000	0.139151342032993
3.92000000000000	0.139322151782166
3.93000000000000	0.139491965518132
3.94000000000000	0.139660785790515
3.95000000000000	0.139828615182518
3.96000000000000	0.139995456310939
3.97000000000000	0.140161311826190
3.98000000000000	0.140326184412308
3.99000000000000	0.140490076786970
4	0.140652991701510
4.01000000000000	0.140814931940926
4.02000000000000	0.140975900323899
4.03000000000000	0.141135899702802
4.04000000000000	0.141294932963709
4.05000000000000	0.141453003026412
4.06000000000000	0.141610112844425
4.07000000000000	0.141766265404998
4.08000000000000	0.141921463729124
4.09000000000000	0.142075710871549
4.10000000000000	0.142229009920779
4.11000000000000	0.142381363999086
4.12000000000000	0.142532776262519
4.13000000000000	0.142683249900905
4.14000000000000	0.142832788137859
4.15000000000000	0.142981394230787
4.16000000000000	0.143129071470889
4.17000000000000	0.143275823183166
4.18000000000000	0.143421652726422
4.19000000000000	0.143566563493266
4.20000000000000	0.143710558910113
4.21000000000000	0.143853642437189
4.22000000000000	0.143995817568527
4.23000000000000	0.144137087831974
4.24000000000000	0.144277456789181
4.25000000000000	0.144416928035612
4.26000000000000	0.144555505200536
4.27000000000000	0.144693191947026
4.28000000000000	0.144829991971957
4.29000000000000	0.144965909006004
4.30000000000000	0.145100946813634
4.31000000000000	0.145235109193103
4.32000000000000	0.145368399976454
4.33000000000000	0.145500823029506
4.34000000000000	0.145632382251849
4.35000000000000	0.145763081576839
4.36000000000000	0.145892924971587
4.37000000000000	0.146021916436952
4.38000000000000	0.146150060007533
4.39000000000000	0.146277359751656
4.40000000000000	0.146403819771367
4.41000000000000	0.146529444202420
4.42000000000000	0.146654237214264
4.43000000000000	0.146778203010030
4.44000000000000	0.146901345826521
4.45000000000000	0.147023669934198
4.46000000000000	0.147145179637162
4.47000000000000	0.147265879273143
4.48000000000000	0.147385773213482
4.49000000000000	0.147504865863117
4.50000000000000	0.147623161660562
4.51000000000000	0.147740665077896
4.52000000000000	0.147857380620738
4.53000000000000	0.147973312828231
4.54000000000000	0.148088466273023
4.55000000000000	0.148202845561247
4.56000000000000	0.148316455332497
4.57000000000000	0.148429300259810
4.58000000000000	0.148541385049641
4.59000000000000	0.148652714441843
4.60000000000000	0.148763293209639
4.61000000000000	0.148873126159603
4.62000000000000	0.148982218131630
4.63000000000000	0.149090573998914
4.64000000000000	0.149198198667919
4.65000000000000	0.149305097078353
4.66000000000000	0.149411274203142
4.67000000000000	0.149516735048397
4.68000000000000	0.149621484653390
4.69000000000000	0.149725528090520
4.70000000000000	0.149828870465286
4.71000000000000	0.149931516916251
4.72000000000000	0.150033472615016
4.73000000000000	0.150134742766182
4.74000000000000	0.150235332607320
4.75000000000000	0.150335247408935
4.76000000000000	0.150434492474433
4.77000000000000	0.150533073140083
4.78000000000000	0.150630994774982
4.79000000000000	0.150728262781019
4.80000000000000	0.150824882592836
4.81000000000000	0.150920859677790
4.82000000000000	0.151016199535914
4.83000000000000	0.151110907699876
4.84000000000000	0.151204989734942
4.85000000000000	0.151298451238928
4.86000000000000	0.151391297842165
4.87000000000000	0.151483535207451
4.88000000000000	0.151575169030013
4.89000000000000	0.151666205037455
4.90000000000000	0.151756648989719
4.91000000000000	0.151846506679038
4.92000000000000	0.151935783929890
4.93000000000000	0.152024486598946
4.94000000000000	0.152112620575028
4.95000000000000	0.152200191779058
4.96000000000000	0.152287206164009
4.97000000000000	0.152373669714850
4.98000000000000	0.152459588448504
4.99000000000000	0.152544968413788
5	0.152629815691364
5.01000000000000	0.152714136393686
5.02000000000000	0.152797936664944
5.03000000000000	0.152881222681010
5.04000000000000	0.152964000649384
5.05000000000000	0.153046276809135
5.06000000000000	0.153128057430843
5.07000000000000	0.153209348816546
5.08000000000000	0.153290157299677
5.09000000000000	0.153370489245003
5.10000000000000	0.153450351048570
5.11000000000000	0.153529749137639
5.12000000000000	0.153608689970620
5.13000000000000	0.153687180037018
5.14000000000000	0.153765225857362
5.15000000000000	0.153842833983144
5.16000000000000	0.153920010996754
5.17000000000000	0.153996763511411
5.18000000000000	0.154073098171101
5.19000000000000	0.154149021650506
5.20000000000000	0.154224540654936
5.21000000000000	0.154299661920262
5.22000000000000	0.154374392212843
5.23000000000000	0.154448738329458
5.24000000000000	0.154522707097232
5.25000000000000	0.154596305373564
5.26000000000000	0.154669540046057
5.27000000000000	0.154742418032440
5.28000000000000	0.154814946280492
5.29000000000000	0.154887131767972
5.30000000000000	0.154958981502537
5.31000000000000	0.155030502521669
5.32000000000000	0.155101701892591
5.33000000000000	0.155172586712193
5.34000000000000	0.155243164106951
5.35000000000000	0.155313441232845
5.36000000000000	0.155383425275278
5.37000000000000	0.155453123448992
5.38000000000000	0.155522542997988
5.39000000000000	0.155591691195440
5.40000000000000	0.155660575343610
5.41000000000000	0.155729202773759
5.42000000000000	0.155797580846068
5.43000000000000	0.155865716949542
5.44000000000000	0.155933618501927
5.45000000000000	0.156001292949619
5.46000000000000	0.156068747767571
5.47000000000000	0.156135990459208
5.48000000000000	0.156203028556329
5.49000000000000	0.156269869619019
5.50000000000000	0.156336521235551
5.51000000000000	0.156402991022293
5.52000000000000	0.156469286623616
5.53000000000000	0.156535415711790
5.54000000000000	0.156601385986895
5.55000000000000	0.156667205176717
5.56000000000000	0.156732881036651
5.57000000000000	0.156798421349603
5.58000000000000	0.156863833925885
5.59000000000000	0.156929126603115
5.60000000000000	0.156994307246118
5.61000000000000	0.157059383746816
5.62000000000000	0.157124364024127
5.63000000000000	0.157189256023861
5.64000000000000	0.157254067718611
5.65000000000000	0.157318807107646
5.66000000000000	0.157383482216805
5.67000000000000	0.157448101098387
5.68000000000000	0.157512671831038
5.69000000000000	0.157577202519645
5.70000000000000	0.157641701295221
5.71000000000000	0.157706176314793
5.72000000000000	0.157770635761288
5.73000000000000	0.157835087843421
5.74000000000000	0.157899540795573
5.75000000000000	0.157964002877683
5.76000000000000	0.158028482375122
5.77000000000000	0.158092987598582
5.78000000000000	0.158157526883951
5.79000000000000	0.158222108592196
5.80000000000000	0.158286741109242
5.81000000000000	0.158351432845845
5.82000000000000	0.158416192237476
5.83000000000000	0.158481027744190
5.84000000000000	0.158545947850507
5.85000000000000	0.158610961065281
5.86000000000000	0.158676075921574
5.87000000000000	0.158741300976532
5.88000000000000	0.158806644811250
5.89000000000000	0.158872116030646
5.90000000000000	0.158937723263328
5.91000000000000	0.159003475161463
5.92000000000000	0.159069380400645
5.93000000000000	0.159135447679760
5.94000000000000	0.159201685720851
5.95000000000000	0.159268103268980
5.96000000000000	0.159334709092096
5.97000000000000	0.159401511980893
5.98000000000000	0.159468520748674
5.99000000000000	0.159535744231207
6	0.159603191286590
6.01000000000000	0.159670870795103
6.02000000000000	0.159738791659069
6.03000000000000	0.159806962802708
6.04000000000000	0.159875393171993
6.05000000000000	0.159944091734505
6.06000000000000	0.160013067479284
6.07000000000000	0.160082329416682
6.08000000000000	0.160151886578213
6.09000000000000	0.160221748016405
6.10000000000000	0.160291922804645
6.11000000000000	0.160362420037032
6.12000000000000	0.160433248828220
6.13000000000000	0.160504418313264
6.14000000000000	0.160575937647467
6.15000000000000	0.160647816006221
6.16000000000000	0.160720062584852
6.17000000000000	0.160792686598458
6.18000000000000	0.160865697281754
6.19000000000000	0.160939103888908
6.20000000000000	0.161012915693382
6.21000000000000	0.161087141987766
6.22000000000000	0.161161792083617
6.23000000000000	0.161236875311293
6.24000000000000	0.161312401019787
6.25000000000000	0.161388378576563
6.26000000000000	0.161464817367381
6.27000000000000	0.161541726796136
6.28000000000000	0.161619116284681
6.29000000000000	0.161696995272660
6.30000000000000	0.161775373217335
6.31000000000000	0.161854259593411
6.32000000000000	0.161933663892861
6.33000000000000	0.162013595624752
6.34000000000000	0.162094064315069
6.35000000000000	0.162175079506534
6.36000000000000	0.162256650758430
6.37000000000000	0.162338787646418
6.38000000000000	0.162421499762359
6.39000000000000	0.162504796714130
6.40000000000000	0.162588688125438
6.41000000000000	0.162673183635641
6.42000000000000	0.162758292899559
6.43000000000000	0.162844025587284
6.44000000000000	0.162930391384000
6.45000000000000	0.163017399989787
6.46000000000000	0.163105061119433
6.47000000000000	0.163193384502242
6.48000000000000	0.163282379881845
6.49000000000000	0.163372057016002
6.50000000000000	0.163462425676407
6.51000000000000	0.163553495648496
6.52000000000000	0.163645276731247
6.53000000000000	0.163737778736982
6.54000000000000	0.163831011491168
6.55000000000000	0.163924984832218
6.56000000000000	0.164019708611284
6.57000000000000	0.164115192692061
6.58000000000000	0.164211446950578
6.59000000000000	0.164308481274994
6.60000000000000	0.164406305565393
6.61000000000000	0.164504929733574
6.62000000000000	0.164604363702843
6.63000000000000	0.164704617407804
6.64000000000000	0.164805700794148
6.65000000000000	0.164907623818438
6.66000000000000	0.165010396447898
6.67000000000000	0.165114028660196
6.68000000000000	0.165218530443233
6.69000000000000	0.165323911794917
6.70000000000000	0.165430182722953
6.71000000000000	0.165537353244620
6.72000000000000	0.165645433386549
6.73000000000000	0.165754433184503
6.74000000000000	0.165864362683152
6.75000000000000	0.165975231935850
6.76000000000000	0.166087051004409
6.77000000000000	0.166199829958872
6.78000000000000	0.166313578877283
6.79000000000000	0.166428307845461
6.80000000000000	0.166544026956766
6.81000000000000	0.166660746311869
6.82000000000000	0.166778476018519
6.83000000000000	0.166897226191306
6.84000000000000	0.167017006951429
6.85000000000000	0.167137828426457
6.86000000000000	0.167259700750092
6.87000000000000	0.167382634061928
6.88000000000000	0.167506638507209
6.89000000000000	0.167631724236592
6.90000000000000	0.167757901405901
6.91000000000000	0.167885180175880
6.92000000000000	0.168013570711951
6.93000000000000	0.168143083183965
6.94000000000000	0.168273727765954
6.95000000000000	0.168405514635881
6.96000000000000	0.168538453975391
6.97000000000000	0.168672555969556
6.98000000000000	0.168807830806623
6.99000000000000	0.168944288677758
7	0.169081939776791
7.01000000000000	0.169220794299961
7.02000000000000	0.169360862445649
7.03000000000000	0.169502154414129
7.04000000000000	0.169644680407296
7.05000000000000	0.169788450628413
7.06000000000000	0.169933475281839
7.07000000000000	0.170079764572768
7.08000000000000	0.170227328706961
7.09000000000000	0.170376177890477
7.10000000000000	0.170526322329407
7.11000000000000	0.170677772229600
7.12000000000000	0.170830537796391
7.13000000000000	0.170984629234329
7.14000000000000	0.171140056746903
7.15000000000000	0.171296830536263
7.16000000000000	0.171454960802946
7.17000000000000	0.171614457745592
7.18000000000000	0.171775331560672
7.19000000000000	0.171937592442198
7.20000000000000	0.172101250581444
7.21000000000000	0.172266316166662
7.22000000000000	0.172432799382797
7.23000000000000	0.172600710411195
7.24000000000000	0.172770059429321
7.25000000000000	0.172940856610465
7.26000000000000	0.173113112123453
7.27000000000000	0.173286836132352
7.28000000000000	0.173462038796177
7.29000000000000	0.173638730268598
7.30000000000000	0.173816920697639
7.31000000000000	0.173996620225382
7.32000000000000	0.174177838987667
7.33000000000000	0.174360587113791
7.34000000000000	0.174544874726206
7.35000000000000	0.174730711940214
7.36000000000000	0.174918108863661
7.37000000000000	0.175107075596632
7.38000000000000	0.175297622231144
7.39000000000000	0.175489758850830
7.40000000000000	0.175683495530637
7.41000000000000	0.175878842336504
7.42000000000000	0.176075809325057
7.43000000000000	0.176274406543286
7.44000000000000	0.176474644028232
7.45000000000000	0.176676531806668
7.46000000000000	0.176880079894780
7.47000000000000	0.177085298297842
7.48000000000000	0.177292197009899
7.49000000000000	0.177500786013437
7.50000000000000	0.177711075279061
7.51000000000000	0.177923074765167
7.52000000000000	0.178136794417611
7.53000000000000	0.178352244169383
7.54000000000000	0.178569433940272
7.55000000000000	0.178788373636533
7.56000000000000	0.179009073150554
7.57000000000000	0.179231542360518
7.58000000000000	0.179455791130067
7.59000000000000	0.179681829307962
7.60000000000000	0.179909666727740
7.61000000000000	0.180139313207378
7.62000000000000	0.180370778548940
7.63000000000000	0.180604072538242
7.64000000000000	0.180839204944495
7.65000000000000	0.181076185519966
7.66000000000000	0.181315023999620
7.67000000000000	0.181555730100775
7.68000000000000	0.181798313522744
7.69000000000000	0.182042783946484
7.70000000000000	0.182289151034238
7.71000000000000	0.182537424429177
7.72000000000000	0.182787613755044
7.73000000000000	0.183039728615787
7.74000000000000	0.183293778595205
7.75000000000000	0.183549773256575
7.76000000000000	0.183807722142294
7.77000000000000	0.184067634773507
7.78000000000000	0.184329520649743
7.79000000000000	0.184593389248537
7.80000000000000	0.184859250025068
7.81000000000000	0.185127112411778
7.82000000000000	0.185396985817999
7.83000000000000	0.185668879629579
7.84000000000000	0.185942803208499
7.85000000000000	0.186218765892497
7.86000000000000	0.186496776994686
7.87000000000000	0.186776845803167
7.88000000000000	0.187058981580651
7.89000000000000	0.187343193564067
7.90000000000000	0.187629490964174
7.91000000000000	0.187917882965177
7.92000000000000	0.188208378724328
7.93000000000000	0.188500987371540
7.94000000000000	0.188795718008988
7.95000000000000	0.189092579710714
7.96000000000000	0.189391581522229
7.97000000000000	0.189692732460115
7.98000000000000	0.189996041511621
7.99000000000000	0.190301517634262
8	0.190609169755414
8.01000000000000	0.190919006771908
8.02000000000000	0.191231037549621
8.03000000000000	0.191545270923068
8.04000000000000	0.191861715694988
8.05000000000000	0.192180380635937
8.06000000000000	0.192501274483865
8.07000000000000	0.192824405943705
8.08000000000000	0.193149783686955
8.09000000000000	0.193477416351256
8.10000000000000	0.193807312539969
8.11000000000000	0.194139480821760
8.12000000000000	0.194473929730162
8.13000000000000	0.194810667763161
8.14000000000000	0.195149703382759
8.15000000000000	0.195491045014547
8.16000000000000	0.195834701047275
8.17000000000000	0.196180679832415
8.18000000000000	0.196528989683725
8.19000000000000	0.196879638876817
8.20000000000000	0.197232635648713
8.21000000000000	0.197587988197406
8.22000000000000	0.197945704681419
8.23000000000000	0.198305793219358
8.24000000000000	0.198668261889468
8.25000000000000	0.199033118729185
8.26000000000000	0.199400371734687
8.27000000000000	0.199770028860441
8.28000000000000	0.200142098018750
8.29000000000000	0.200516587079300
8.30000000000000	0.200893503868702
8.31000000000000	0.201272856170034
8.32000000000000	0.201654651722380
8.33000000000000	0.202038898220366
8.34000000000000	0.202425603313702
8.35000000000000	0.202814774606710
8.36000000000000	0.203206419657859
8.37000000000000	0.203600545979297
8.38000000000000	0.203997161036374
8.39000000000000	0.204396272247178
8.40000000000000	0.204797886982052
8.41000000000000	0.205202012563121
8.42000000000000	0.205608656263811
8.43000000000000	0.206017825308372
8.44000000000000	0.206429526871394
8.45000000000000	0.206843768077319
8.46000000000000	0.207260555999962
8.47000000000000	0.207679897662017
8.48000000000000	0.208101800034569
8.49000000000000	0.208526270036605
8.50000000000000	0.208953314534515
8.51000000000000	0.209382940341600
8.52000000000000	0.209815154217576
8.53000000000000	0.210249962868070
8.54000000000000	0.210687372944122
8.55000000000000	0.211127391041682
8.56000000000000	0.211570023701103
8.57000000000000	0.212015277406634
8.58000000000000	0.212463158585914
8.59000000000000	0.212913673609458
8.60000000000000	0.213366828790145
8.61000000000000	0.213822630382705
8.62000000000000	0.214281084583200
8.63000000000000	0.214742197528504
8.64000000000000	0.215205975295789
8.65000000000000	0.215672423901995
8.66000000000000	0.216141549303308
8.67000000000000	0.216613357394636
8.68000000000000	0.217087854009078
8.69000000000000	0.217565044917393
8.70000000000000	0.218044935827469
8.71000000000000	0.218527532383789
8.72000000000000	0.219012840166893
8.73000000000000	0.219500864692840
8.74000000000000	0.219991611412669
8.75000000000000	0.220485085711856
8.76000000000000	0.220981292909766
8.77000000000000	0.221480238259113
8.78000000000000	0.221981926945406
8.79000000000000	0.222486364086401
8.80000000000000	0.222993554731550
8.81000000000000	0.223503503861441
8.82000000000000	0.224016216387248
8.83000000000000	0.224531697150168
8.84000000000000	0.225049950920860
8.85000000000000	0.225570982398886
8.86000000000000	0.226094796212144
8.87000000000000	0.226621396916298
8.88000000000000	0.227150788994216
8.89000000000000	0.227682976855392
8.90000000000000	0.228217964835376
8.91000000000000	0.228755757195201
8.92000000000000	0.229296358120801
8.93000000000000	0.229839771722433
8.94000000000000	0.230386002034101
8.95000000000000	0.230935053012962
8.96000000000000	0.231486928538750
8.97000000000000	0.232041632413182
8.98000000000000	0.232599168359372
8.99000000000000	0.233159540021236
9	0.233722750962899
9.01000000000000	0.234288804668099
9.02000000000000	0.234857704539588
9.03000000000000	0.235429453898530
9.04000000000000	0.236004055983902
9.05000000000000	0.236581513951885
9.06000000000000	0.237161830875259
9.07000000000000	0.237745009742792
9.08000000000000	0.238331053458632
9.09000000000000	0.238919964841690
9.10000000000000	0.239511746625025
9.11000000000000	0.240106401455225
9.12000000000000	0.240703931891792
9.13000000000000	0.241304340406511
9.14000000000000	0.241907629382834
9.15000000000000	0.242513801115245
9.16000000000000	0.243122857808639
9.17000000000000	0.243734801577686
9.18000000000000	0.244349634446196
9.19000000000000	0.244967358346488
9.20000000000000	0.245587975118749
9.21000000000000	0.246211486510396
9.22000000000000	0.246837894175429
9.23000000000000	0.247467199673791
9.24000000000000	0.248099404470721
9.25000000000000	0.248734509936100
9.26000000000000	0.249372517343806
9.27000000000000	0.250013427871054
9.28000000000000	0.250657242597745
9.29000000000000	0.251303962505804
9.30000000000000	0.251953588478523
9.31000000000000	0.252606121299893
9.32000000000000	0.253261561653945
9.33000000000000	0.253919910124077
9.34000000000000	0.254581167192387
9.35000000000000	0.255245333239002
9.36000000000000	0.255912408541400
9.37000000000000	0.256582393273734
9.38000000000000	0.257255287506157
9.39000000000000	0.257931091204135
9.40000000000000	0.258609804227766
9.41000000000000	0.259291426331094
9.42000000000000	0.259975957161418
9.43000000000000	0.260663396258606
9.44000000000000	0.261353743054397
9.45000000000000	0.262046996871706
9.46000000000000	0.262743156923928
9.47000000000000	0.263442222314236
9.48000000000000	0.264144192034881
9.49000000000000	0.264849064966482
9.50000000000000	0.265556839877321
9.51000000000000	0.266267515422635
9.52000000000000	0.266981090143900
9.53000000000000	0.267697562468118
9.54000000000000	0.268416930707099
9.55000000000000	0.269139193056743
9.56000000000000	0.269864347596315
9.57000000000000	0.270592392287724
9.58000000000000	0.271323324974791
9.59000000000000	0.272057143382525
9.60000000000000	0.272793845116389
9.61000000000000	0.273533427661563
9.62000000000000	0.274275888382210
9.63000000000000	0.275021224520737
9.64000000000000	0.275769433197051
9.65000000000000	0.276520511407815
9.66000000000000	0.277274456025705
9.67000000000000	0.278031263798654
9.68000000000000	0.278790931349105
9.69000000000000	0.279553455173256
9.70000000000000	0.280318831640303
9.71000000000000	0.281087056991678
9.72000000000000	0.281858127340291
9.73000000000000	0.282632038669763
9.74000000000000	0.283408786833660
9.75000000000000	0.284188367554723
9.76000000000000	0.284970776424096
9.77000000000000	0.285756008900552
9.78000000000000	0.286544060309714
9.79000000000000	0.287334925843277
9.80000000000000	0.288128600558226
9.81000000000000	0.288925079376047
9.82000000000000	0.289724357081945
9.83000000000000	0.290526428324050
9.84000000000000	0.291331287612627
9.85000000000000	0.292138929319276
9.86000000000000	0.292949347676140
9.87000000000000	0.293762536775100
9.88000000000000	0.294578490566973
9.89000000000000	0.295397202860706
9.90000000000000	0.296218667322570
9.91000000000000	0.297042877475343
9.92000000000000	0.297869826697503
9.93000000000000	0.298699508222405
9.94000000000000	0.299531915137468
9.95000000000000	0.300367040383349
9.96000000000000	0.301204876753118
9.97000000000000	0.302045416891436
9.98000000000000	0.302888653293719
9.99000000000000	0.303734578305308
10	0.304583184120634
10.0100000000000	0.305434462782382
10.0200000000000	0.306288406180643
10.0300000000000	0.307145006052081
10.0400000000000	0.308004253979077
10.0500000000000	0.308866141388888
10.0600000000000	0.309730659552787
10.0700000000000	0.310597799585219
10.0800000000000	0.311467552442934
10.0900000000000	0.312339908924133
10.1000000000000	0.313214859667603
10.1100000000000	0.314092395151852
10.1200000000000	0.314972505694241
10.1300000000000	0.315855181450113
10.1400000000000	0.316740412411918
10.1500000000000	0.317628188408338
10.1600000000000	0.318518499103408
10.1700000000000	0.319411333995629
10.1800000000000	0.320306682417089
10.1900000000000	0.321204533532573
10.2000000000000	0.322104876338670
10.2100000000000	0.323007699662883
10.2200000000000	0.323912992162728
10.2300000000000	0.324820742324840
10.2400000000000	0.325730938464068
10.2500000000000	0.326643568722567
10.2600000000000	0.327558621068898
10.2700000000000	0.328476083297109
10.2800000000000	0.329395943025826
10.2900000000000	0.330318187697336
10.3000000000000	0.331242804576664
10.3100000000000	0.332169780750656
10.3200000000000	0.333099103127052
10.3300000000000	0.334030758433552
10.3400000000000	0.334964733216893
10.3500000000000	0.335901013841913
10.3600000000000	0.336839586490608
10.3700000000000	0.337780437161200
10.3800000000000	0.338723551667189
10.3900000000000	0.339668915636410
10.4000000000000	0.340616514510080
10.4100000000000	0.341566333541852
10.4200000000000	0.342518357796853
10.4300000000000	0.343472572150735
10.4400000000000	0.344428961288704
10.4500000000000	0.345387509704566
10.4600000000000	0.346348201699752
10.4700000000000	0.347311021382352
10.4800000000000	0.348275952666145
10.4900000000000	0.349242979269616
10.5000000000000	0.350212084714982
10.5100000000000	0.351183252327208
10.5200000000000	0.352156465233023
10.5300000000000	0.353131706359932
10.5400000000000	0.354108958435223
10.5500000000000	0.355088203984973
10.5600000000000	0.356069425333054
10.5700000000000	0.357052604600127
10.5800000000000	0.358037723702642
10.5900000000000	0.359024764351832
10.6000000000000	0.360013708052699
10.6100000000000	0.361004536103007
10.6200000000000	0.361997229592258
10.6300000000000	0.362991769400682
10.6400000000000	0.363988136198207
10.6500000000000	0.364986310443438
10.6600000000000	0.365986272382625
10.6700000000000	0.366988002048636
10.6800000000000	0.367991479259916
10.6900000000000	0.368996683619452
10.7000000000000	0.370003594513733
10.7100000000000	0.371012191111702
10.7200000000000	0.372022452363711
10.7300000000000	0.373034357000470
10.7400000000000	0.374047883531988
10.7500000000000	0.375063010246522
10.7600000000000	0.376079715209514
10.7700000000000	0.377097976262526
10.7800000000000	0.378117771022171
10.7900000000000	0.379139076879048
10.8000000000000	0.380161870996666
10.8100000000000	0.381186130310362
10.8200000000000	0.382211831526230
10.8300000000000	0.383238951120029
10.8400000000000	0.384267465336102
10.8500000000000	0.385297350186281
10.8600000000000	0.386328581448798
10.8700000000000	0.387361134667188
10.8800000000000	0.388394985149182
10.8900000000000	0.389430107965614
10.9000000000000	0.390466477949306
10.9100000000000	0.391504069693963
10.9200000000000	0.392542857553055
10.9300000000000	0.393582815638704
10.9400000000000	0.394623917820563
10.9500000000000	0.395666137724689
10.9600000000000	0.396709448732423
10.9700000000000	0.397753823979251
10.9800000000000	0.398799236353677
10.9900000000000	0.399845658496083
11	0.400893062797589
11.0100000000000	0.401941421398907
11.0200000000000	0.402990706189198
11.0300000000000	0.404040888804914
11.0400000000000	0.405091940628653
11.0500000000000	0.406143832787991
11.0600000000000	0.407196536154329
11.0700000000000	0.408250021341724
11.0800000000000	0.409304258705720
11.0900000000000	0.410359218342180
11.1000000000000	0.411414870086107
11.1100000000000	0.412471183510467
11.1200000000000	0.413528127925007
11.1300000000000	0.414585672375066
11.1400000000000	0.415643785640393
11.1500000000000	0.416702436233943
11.1600000000000	0.417761592400692
11.1700000000000	0.418821222116428
11.1800000000000	0.419881293086554
11.1900000000000	0.420941772744875
11.2000000000000	0.422002628252393
11.2100000000000	0.423063826496087
11.2200000000000	0.424125334087701
11.2300000000000	0.425187117362516
11.2400000000000	0.426249142378129
11.2500000000000	0.427311374913225
11.2600000000000	0.428373780466342
11.2700000000000	0.429436324254632
11.2800000000000	0.430498971212632
11.2900000000000	0.431561685991007
11.3000000000000	0.432624432955314
11.3100000000000	0.433687176184743
11.3200000000000	0.434749879470869
11.3300000000000	0.435812506316390
11.3400000000000	0.436875019933866
11.3500000000000	0.437937383244455
11.3600000000000	0.438999558876641
11.3700000000000	0.440061509164964
11.3800000000000	0.441123196148739
11.3900000000000	0.442184581570781
11.4000000000000	0.443245626876116
11.4100000000000	0.444306293210697
11.4200000000000	0.445366541420108
11.4300000000000	0.446426332048272
11.4400000000000	0.447485625336149
11.4500000000000	0.448544381220436
11.4600000000000	0.449602559332256
11.4700000000000	0.450660118995849
11.4800000000000	0.451717019227262
11.4900000000000	0.452773218733020
11.5000000000000	0.453828675908813
11.5100000000000	0.454883348838169
11.5200000000000	0.455937195291118
11.5300000000000	0.456990172722863
11.5400000000000	0.458042238272443
11.5500000000000	0.459093348761387
11.5600000000000	0.460143460692371
11.5700000000000	0.461192530247871
11.5800000000000	0.462240513288804
11.5900000000000	0.463287365353176
11.6000000000000	0.464333041654718
11.6100000000000	0.465377497081520
11.6200000000000	0.466420686194665
11.6300000000000	0.467462563226852
11.6400000000000	0.468503082081025
11.6500000000000	0.469542196328983
11.6600000000000	0.470579859210003
11.6700000000000	0.471616023629448
11.6800000000000	0.472650642157372
11.6900000000000	0.473683667027126
11.7000000000000	0.474715050133956
11.7100000000000	0.475744743033597
11.7200000000000	0.476772696940864
11.7300000000000	0.477798862728239
11.7400000000000	0.478823190924455
11.7500000000000	0.479845631713073
11.7600000000000	0.480866134931056
11.7700000000000	0.481884650067341
11.7800000000000	0.482901126261407
11.7900000000000	0.483915512301830
11.8000000000000	0.484927756624850
11.8100000000000	0.485937807312921
11.8200000000000	0.486945612093258
11.8300000000000	0.487951118336389
11.8400000000000	0.488954273054690
11.8500000000000	0.489955022900927
11.8600000000000	0.490953314166790
11.8700000000000	0.491949092781415
11.8800000000000	0.492942304309914
11.8900000000000	0.493932893951900
11.9000000000000	0.494920806539991
11.9100000000000	0.495905986538336
11.9200000000000	0.496888378041111
11.9300000000000	0.497867924771030
11.9400000000000	0.498844570077843
11.9500000000000	0.499818256936831
11.9600000000000	0.500788927947293
11.9700000000000	0.501756525331038
11.9800000000000	0.502720990930865
11.9900000000000	0.503682266209039
12	0.504640292245769
12.0100000000000	0.505595009737675
12.0200000000000	0.506546358996248
12.0300000000000	0.507494279946322
12.0400000000000	0.508438712124518
12.0500000000000	0.509379594677704
12.0600000000000	0.510316866361441
12.0700000000000	0.511250465538421
12.0800000000000	0.512180330176915
12.0900000000000	0.513106397849197
12.1000000000000	0.514028605729982
12.1100000000000	0.514946890594846
12.1200000000000	0.515861188818654
12.1300000000000	0.516771436373964
12.1400000000000	0.517677568829454
12.1500000000000	0.518579521348320
12.1600000000000	0.519477228686680
12.1700000000000	0.520370625191978
12.1800000000000	0.521259644801370
12.1900000000000	0.522144221040122
12.2000000000000	0.523024287019989
12.2100000000000	0.523899775437599
12.2200000000000	0.524770618572826
12.2300000000000	0.525636748287165
12.2400000000000	0.526498096022097
12.2500000000000	0.527354592797450
12.2600000000000	0.528206169209760
12.2700000000000	0.529052755430621
12.2800000000000	0.529894281205034
12.2900000000000	0.530730675849758
12.3000000000000	0.531561868251633
12.3100000000000	0.532387786865933
12.3200000000000	0.533208359714684
12.3300000000000	0.534023514384993
12.3400000000000	0.534833178027372
12.3500000000000	0.535637277354046
12.3600000000000	0.536435738637272
12.3700000000000	0.537228487707642
12.3800000000000	0.538015449952385
12.3900000000000	0.538796550313667
12.4000000000000	0.539571713286875
12.4100000000000	0.540340862918916
12.4200000000000	0.541103922806493
12.4300000000000	0.541860816094385
12.4400000000000	0.542611465473720
12.4500000000000	0.543355793180241
12.4600000000000	0.544093720992576
12.4700000000000	0.544825170230489
12.4800000000000	0.545550061753142
12.4900000000000	0.546268315957339
12.5000000000000	0.546979852775771
12.5100000000000	0.547684591675259
12.5200000000000	0.548382451654983
12.5300000000000	0.549073351244717
12.5400000000000	0.549757208503051
12.5500000000000	0.550433941015611
12.5600000000000	0.551103465893278
12.5700000000000	0.551765699770392
12.5800000000000	0.552420558802959
12.5900000000000	0.553067958666859
12.6000000000000	0.553707814556028
12.6100000000000	0.554340041180658
12.6200000000000	0.554964552765378
12.6300000000000	0.555581263047438
12.6400000000000	0.556190085274881
12.6500000000000	0.556790932204715
12.6600000000000	0.557383716101076
12.6700000000000	0.557968348733392
12.6800000000000	0.558544741374535
12.6900000000000	0.559112804798974
12.7000000000000	0.559672449280915
12.7100000000000	0.560223584592446
12.7200000000000	0.560766120001673
12.7300000000000	0.561299964270842
12.7400000000000	0.561825025654470
12.7500000000000	0.562341211897465
12.7600000000000	0.562848430233236
12.7700000000000	0.563346587381805
12.7800000000000	0.563835589547910
12.7900000000000	0.564315342419106
12.8000000000000	0.564785751163853
12.8100000000000	0.565246720429613
12.8200000000000	0.565698154340925
12.8300000000000	0.566139956497484
12.8400000000000	0.566572029972224
12.8500000000000	0.566994277309368
12.8600000000000	0.567406600522508
12.8700000000000	0.567808901092646
12.8800000000000	0.568201079966257
12.8900000000000	0.568583037553332
12.9000000000000	0.568954673725417
12.9100000000000	0.569315887813648
12.9200000000000	0.569666578606786
12.9300000000000	0.570006644349240
12.9400000000000	0.570335982739080
12.9500000000000	0.570654490926065
12.9600000000000	0.570962065509636
12.9700000000000	0.571258602536932
12.9800000000000	0.571543997500782
12.9900000000000	0.571818145337699
13	0.572080940425862
13.0100000000000	0.572332276583109
13.0200000000000	0.572572047064903
13.0300000000000	0.572800144562306
13.0400000000000	0.573016461199947
13.0500000000000	0.573220888533975
13.0600000000000	0.573413317550021
13.0700000000000	0.573593638661140
13.0800000000000	0.573761741705760
13.0900000000000	0.573917515945613
13.1000000000000	0.574060850063672
13.1100000000000	0.574191632162078
13.1200000000000	0.574309749760056
13.1300000000000	0.574415089791834
13.1400000000000	0.574507538604551
13.1500000000000	0.574586981956161
13.1600000000000	0.574653305013334
13.1700000000000	0.574706392349341
13.1800000000000	0.574746127941953
13.1900000000000	0.574772395171311
13.2000000000000	0.574785076817806
13.2100000000000	0.574784055059952
13.2200000000000	0.574769211472244
13.2300000000000	0.574740427023020
13.2400000000000	0.574697582072314
13.2500000000000	0.574640556369700
13.2600000000000	0.574569229052139
13.2700000000000	0.574483478641805
13.2800000000000	0.574383183043923
13.2900000000000	0.574268219544589
13.3000000000000	0.574138464808587
13.3100000000000	0.573993794877204
13.3200000000000	0.573834085166033
13.3300000000000	0.573659210462775
13.3400000000000	0.573469044925033
13.3500000000000	0.573263462078100
13.3600000000000	0.573042334812743
13.3700000000000	0.572805535382977
13.3800000000000	0.572552935403841
13.3900000000000	0.572284405849153
13.4000000000000	0.571999817049280
13.4100000000000	0.571699038688884
13.4200000000000	0.571381939804669
13.4300000000000	0.571048388783124
13.4400000000000	0.570698253358259
13.4500000000000	0.570331400609325
13.4600000000000	0.569947696958552
13.4700000000000	0.569547008168853
13.4800000000000	0.569129199341533
13.4900000000000	0.568694134914009
13.5000000000000	0.568241678657491
13.5100000000000	0.567771693674682
13.5200000000000	0.567284042397463
13.5300000000000	0.566778586584578
13.5400000000000	0.566255187319296
13.5500000000000	0.565713705007090
13.5600000000000	0.565153999373294
13.5700000000000	0.564575929460754
13.5800000000000	0.563979353627486
13.5900000000000	0.563364129544310
13.6000000000000	0.562730114192490
13.6100000000000	0.562077163861366
13.6200000000000	0.561405134145978
13.6300000000000	0.560713879944677
13.6400000000000	0.560003255456746
13.6500000000000	0.559273114179995
13.6600000000000	0.558523308908367
13.6700000000000	0.557753691729531
13.6800000000000	0.556964114022462
13.6900000000000	0.556154426455021
13.7000000000000	0.555324478981536
13.7100000000000	0.554474120840360
13.7200000000000	0.553603200551435
13.7300000000000	0.552711565913845
13.7400000000000	0.551799064003367
13.7500000000000	0.550865541170005
13.7600000000000	0.549910843035532
13.7700000000000	0.548934814491009
13.7800000000000	0.547937299694321
13.7900000000000	0.546918142067671
13.8000000000000	0.545877184295109
13.8100000000000	0.544814268320023
13.8200000000000	0.543729235342633
13.8300000000000	0.542621925817486
13.8400000000000	0.541492179450931
13.8500000000000	0.540339835198606
13.8600000000000	0.539164731262890
13.8700000000000	0.537966705090379
13.8800000000000	0.536745593369337
13.8900000000000	0.535501232027141
13.9000000000000	0.534233456227731
13.9100000000000	0.532942100369037
13.9200000000000	0.531626998080414
13.9300000000000	0.530287982220060
13.9400000000000	0.528924884872434
13.9500000000000	0.527537537345663
13.9600000000000	0.526125770168940
13.9700000000000	0.524689413089928
13.9800000000000	0.523228295072138
13.9900000000000	0.521742244292316
14	0.520231088137815
14.0100000000000	0.518694653203965
14.0200000000000	0.517132765291430
14.0300000000000	0.515545249403561
14.0400000000000	0.513931929743751
14.0500000000000	0.512292629712762
14.0600000000000	0.510627171906070
14.0700000000000	0.508935378111181
14.0800000000000	0.507217069304956
14.0900000000000	0.505472065650923
14.1000000000000	0.503700186496576
14.1100000000000	0.501901250370679
14.1200000000000	0.500075074980557
14.1300000000000	0.498221477209372
14.1400000000000	0.496340273113409
14.1500000000000	0.494431277919338
14.1600000000000	0.492494306021487
14.1700000000000	0.490529170979080
14.1800000000000	0.488535685513505
14.1900000000000	0.486513661505541
14.2000000000000	0.484462909992594
14.2100000000000	0.482383241165930
14.2200000000000	0.480274464367891
14.2300000000000	0.478136388089103
14.2400000000000	0.475968819965688
14.2500000000000	0.473771566776456
14.2600000000000	0.471544434440098
14.2700000000000	0.469287228012371
14.2800000000000	0.466999751683270
14.2900000000000	0.464681808774198
14.3000000000000	0.462333201735127
14.3100000000000	0.459953732141759
14.3200000000000	0.457543200692654
14.3300000000000	0.455101407206392
14.3400000000000	0.452628150618686
14.3500000000000	0.450123228979517
14.3600000000000	0.447586439450245
14.3700000000000	0.445017578300727
14.3800000000000	0.442416440906403
14.3900000000000	0.439782821745407
14.4000000000000	0.437116514395645
14.4100000000000	0.434417311531875
14.4200000000000	0.431685004922782
14.4300000000000	0.428919385428035
14.4400000000000	0.426120242995355
14.4500000000000	0.423287366657552
14.4600000000000	0.420420544529576
14.4700000000000	0.417519563805545
14.4800000000000	0.414584210755772
14.4900000000000	0.411614270723784
14.5000000000000	0.408609528123333
14.5100000000000	0.405569766435404
14.5200000000000	0.402494768205195
14.5300000000000	0.399384315039125
14.5400000000000	0.396238187601797
14.5500000000000	0.393056165612978
14.5600000000000	0.389838027844565
14.5700000000000	0.386583552117536
14.5800000000000	0.383292515298898
14.5900000000000	0.379964693298634
14.6000000000000	0.376599861066635
14.6100000000000	0.373197792589615
14.6200000000000	0.369758260888043
14.6300000000000	0.366281038013041
14.6400000000000	0.362765895043290
14.6500000000000	0.359212602081922
14.6600000000000	0.355620928253405
14.6700000000000	0.351990641700420
14.6800000000000	0.348321509580737
14.6900000000000	0.344613298064060
14.7000000000000	0.340865772328902
14.7100000000000	0.337078696559410
14.7200000000000	0.333251833942216
14.7300000000000	0.329384946663261
14.7400000000000	0.325477795904610
14.7500000000000	0.321530141841279
14.7600000000000	0.317541743638020
14.7700000000000	0.313512359446139
14.7800000000000	0.309441746400267
14.7900000000000	0.305329660615148
14.8000000000000	0.301175857182411
14.8100000000000	0.296980090167324
14.8200000000000	0.292742112605570
14.8300000000000	0.288461676499969
14.8400000000000	0.284138532817233
14.8500000000000	0.279772431484687
14.8600000000000	0.275363121387004
14.8700000000000	0.270910350362899
14.8800000000000	0.266413865201854
14.8900000000000	0.261873411640801
14.9000000000000	0.257288734360814
14.9100000000000	0.252659576983795
14.9200000000000	0.247985682069133
14.9300000000000	0.243266791110379
14.9400000000000	0.238502644531899
14.9500000000000	0.233692981685501
14.9600000000000	0.228837540847109
14.9700000000000	0.223936059213354
14.9800000000000	0.218988272898218
14.9900000000000	0.213993916929636
15	0.208952725246101
15.0100000000000	0.203864430693260
15.0200000000000	0.198728765020495
15.0300000000000	0.193545458877511
15.0400000000000	0.188314241810881
15.0500000000000	0.183034842260637
15.0600000000000	0.177706987556799
15.0700000000000	0.172330403915918
15.0800000000000	0.166904816437619
15.0900000000000	0.161429949101118
15.1000000000000	0.155905524761745
15.1100000000000	0.150331265147438
15.1200000000000	0.144706890855254
15.1300000000000	0.139032121347852
15.1400000000000	0.133306674949973
15.1500000000000	0.127530268844914
15.1600000000000	0.121702619070986
15.1700000000000	0.115823440517970
15.1800000000000	0.109892446923561
15.1900000000000	0.103909350869809
15.2000000000000	0.0978738637795296
15.2100000000000	0.0917856959127397
15.2200000000000	0.0856445563630528
15.2300000000000	0.0794501530540854
15.2400000000000	0.0732021927358382
15.2500000000000	0.0669003809810915
15.2600000000000	0.0605444221817608
15.2700000000000	0.0541340195452706
15.2800000000000	0.0476688750909027
15.2900000000000	0.0411486896461391
15.3000000000000	0.0345731628430039
15.3100000000000	0.0279419931143758
15.3200000000000	0.0212548776903327
15.3300000000000	0.0145115125944075
15.3400000000000	0.00771159263994647
15.3500000000000	0.000854811426347801
15.3600000000000	-0.00605913866462782
15.3700000000000	-0.0130305664726018
15.3800000000000	-0.0200597820623152
15.3900000000000	-0.0271470967273766
15.4000000000000	-0.0342928229940238
15.4100000000000	-0.0414972746248807
15.4200000000000	-0.0487607666227596
15.4300000000000	-0.0560836152344164
15.4400000000000	-0.0634661379543760
15.4500000000000	-0.0709086535287167
15.4600000000000	-0.0784114819589084
15.4700000000000	-0.0859749445056028
15.4800000000000	-0.0935993636925128
15.4900000000000	-0.101285063310229
15.5000000000000	-0.109032368420071
15.5100000000000	-0.116841605357974
15.5200000000000	-0.124713101738349
15.5300000000000	-0.132647186457946
15.5400000000000	-0.140644189699801
15.5500000000000	-0.148704442937079
15.5600000000000	-0.156828278937025
15.5700000000000	-0.165016031764881
15.5800000000000	-0.173268036787795
15.5900000000000	-0.181584630678812
15.6000000000000	-0.189966151420766
15.6100000000000	-0.198412938310288
15.6200000000000	-0.206925331961764
15.6300000000000	-0.215503674311311
15.6400000000000	-0.224148308620772
15.6500000000000	-0.232859579481723
15.6600000000000	-0.241637832819483
15.6700000000000	-0.250483415897135
15.6800000000000	-0.259396677319565
15.6900000000000	-0.268377967037488
15.7000000000000	-0.277427636351513
15.7100000000000	-0.286546037916217
15.7200000000000	-0.295733525744177
15.7300000000000	-0.304990455210108
15.7400000000000	-0.314317183054918
15.7500000000000	-0.323714067389817
15.7600000000000	-0.333181467700449
15.7700000000000	-0.342719744850996
15.7800000000000	-0.352329261088316
15.7900000000000	-0.362010380046089
15.8000000000000	-0.371763466748995
15.8100000000000	-0.381588887616836
15.8200000000000	-0.391487010468742
15.8300000000000	-0.401458204527362
15.8400000000000	-0.411502840423026
15.8500000000000	-0.421621290197992
15.8600000000000	-0.431813927310648
15.8700000000000	-0.442081126639723
15.8800000000000	-0.452423264488568
15.8900000000000	-0.462840718589348
15.9000000000000	-0.473333868107359
15.9100000000000	-0.483903093645260
15.9200000000000	-0.494548777247374
15.9300000000000	-0.505271302403969
15.9400000000000	-0.516071054055566
15.9500000000000	-0.526948418597254
15.9600000000000	-0.537903783882998
15.9700000000000	-0.548937539230010
15.9800000000000	-0.560050075423055
15.9900000000000	-0.571241784718827
16			-0.582513060850316

