0	0.002929
0.00016669	0.0029292
0.00033339	0.0029296
0.00050008	0.0029305
0.00066678	0.0029319
0.00083347	0.0029334
0.0010002	0.0029353
0.0011669	0.0029376
0.0013336	0.0029401
0.0015003	0.002943
0.0016669	0.0029462
0.0018336	0.0029496
0.0020003	0.0029535
0.002167	0.0029575
0.0023337	0.0029619
0.0025004	0.0029665
0.0026671	0.0029712
0.0028338	0.0029764
0.0030005	0.0029817
0.0031672	0.0029873
0.0033339	0.002993
0.0035006	0.0029991
0.0036673	0.0030056
0.003834	0.0030123
0.0040007	0.0030192
0.0041674	0.0030265
0.0043341	0.0030341
0.0045008	0.0030419
0.0046674	0.0030504
0.0048341	0.003059
0.0050008	0.0030681
0.0051675	0.0030777
0.0053342	0.0030876
0.0055009	0.0030981
0.0056676	0.0031092
0.0058343	0.0031207
0.006001	0.0031327
0.0061677	0.0031455
0.0063344	0.0031589
0.0065011	0.0031729
0.0066678	0.0031874
0.0068345	0.0032027
0.0070012	0.0032187
0.0071679	0.0032354
0.0073346	0.0032527
0.0075013	0.0032707
0.0076679	0.0032894
0.0078346	0.0033089
0.0080013	0.0033292
0.008168	0.00335
0.0083347	0.0033714
0.0085014	0.0033936
0.0086681	0.0034163
0.0088348	0.0034398
0.0090015	0.0034639
0.0091682	0.0034888
0.0093349	0.003514
0.0095016	0.00354
0.0096683	0.0035666
0.009835	0.0035937
0.010002	0.0036214
0.010168	0.0036497
0.010335	0.0036787
0.010502	0.0037086
0.010668	0.0037387
0.010835	0.0037699
0.011002	0.0038018
0.011169	0.0038345
0.011335	0.0038679
0.011502	0.0039025
0.011669	0.0039381
0.011835	0.0039748
0.012002	0.0040128
0.012169	0.004052
0.012335	0.0040927
0.012502	0.0041349
0.012669	0.0041791
0.012835	0.0042249
0.013002	0.0042727
0.013169	0.0043228
0.013336	0.004375
0.013502	0.0044298
0.013669	0.0044871
0.013836	0.0045473
0.014002	0.0046106
0.014169	0.0046769
0.014336	0.0047467
0.014502	0.0048199
0.014669	0.0048967
0.014836	0.0049777
0.015003	0.0050628
0.015169	0.005152
0.015336	0.0052461
0.015503	0.0053449
0.015669	0.0054488
0.015836	0.005558
0.016003	0.005673
0.016169	0.005794
0.016336	0.0059213
0.016503	0.0060552
0.016669	0.0061965
0.016836	0.0063453
0.017003	0.0065028
0.01717	0.0066693
0.017336	0.0068453
0.017503	0.0070311
0.01767	0.0072283
0.017836	0.0074387
0.018003	0.0076646
0.01817	0.007906
0.018336	0.0081613
0.018503	0.0084312
0.01867	0.008722
0.018836	0.009046
0.019003	0.0094097
0.01917	0.009802
0.019337	0.0102
0.019503	0.010601
0.01967	0.011062
0.019837	0.011672
0.020003	0.01245
0.02017	0.013252
0.020337	0.013851
0.020503	0.014248
0.02067	0.014995
0.020837	0.016915
0.021004	0.01992
0.02117	0.022483
0.021337	0.022601
0.021504	0.019841
0.02167	0.020766
0.021837	0.034521
0.022004	0.057688
0.02217	0.079471
0.022337	0.089214
0.022504	0.070509
0.02267	0.021785
0.022837	1
0.023004	0.40505
0.023171	0.19513
0.023337	0.10322
0.023504	0.046418
0.023671	0.022922
0.023837	0.028531
0.024004	0.032659
0.024171	0.029097
0.024337	0.022943
0.024504	0.017938
0.024671	0.015944
0.024837	0.015594
0.025004	0.01504
0.025171	0.013879
0.025338	0.012543
0.025504	0.011493
0.025671	0.010807
0.025838	0.010291
0.026004	0.0097733
0.026171	0.0092306
0.026338	0.0087169
0.026504	0.0082733
0.026671	0.0078949
0.026838	0.0075538
0.027005	0.0072313
0.027171	0.0069256
0.027338	0.0066418
0.027505	0.006382
0.027671	0.006143
0.027838	0.0059201
0.028005	0.0057105
0.028171	0.0055132
0.028338	0.0053279
0.028505	0.0051541
0.028671	0.0049903
0.028838	0.0048357
0.029005	0.0046892
0.029172	0.0045502
0.029338	0.0044182
0.029505	0.0042926
0.029672	0.0041731
0.029838	0.0040591
0.030005	0.0039499
0.030172	0.0038456
0.030338	0.0037456
0.030505	0.0036497
0.030672	0.0035576
0.030838	0.0034691
0.031005	0.0033839
0.031172	0.0033017
0.031339	0.0032224
0.031505	0.0031459
0.031672	0.0030721
0.031839	0.0030007
0.032005	0.0029317
0.032172	0.002865
0.032339	0.0028004
0.032505	0.0027377
0.032672	0.0026771
0.032839	0.0026186
0.033006	0.0025619
0.033172	0.0025068
0.033339	0.0024537
0.033506	0.0024021
0.033672	0.0023524
0.033839	0.0023043
0.034006	0.0022578
0.034172	0.0022127
0.034339	0.0021693
0.034506	0.0021275
0.034672	0.0020871
0.034839	0.0020484
0.035006	0.0020109
0.035173	0.001975
0.035339	0.0019404
0.035506	0.0019071
0.035673	0.0018752
0.035839	0.0018446
0.036006	0.0018152
0.036173	0.0017871
0.036339	0.0017602
0.036506	0.0017343
0.036673	0.0017096
0.036839	0.0016859
0.037006	0.0016632
0.037173	0.0016414
0.03734	0.0016205
0.037506	0.0016004
0.037673	0.0015811
0.03784	0.0015625
0.038006	0.0015446
0.038173	0.0015272
0.03834	0.0015104
0.038506	0.0014941
0.038673	0.0014782
0.03884	0.0014627
0.039007	0.0014475
0.039173	0.0014326
0.03934	0.0014179
0.039507	0.0014035
0.039673	0.0013891
0.03984	0.0013749
0.040007	0.0013608
0.040173	0.0013467
0.04034	0.0013327
0.040507	0.0013186
0.040673	0.0013046
0.04084	0.0012904
0.041007	0.0012763
0.041174	0.001262
0.04134	0.0012477
0.041507	0.0012333
0.041674	0.0012187
0.04184	0.0012041
0.042007	0.0011895
0.042174	0.0011747
0.04234	0.0011598
0.042507	0.0011448
0.042674	0.0011298
0.04284	0.0011147
0.043007	0.0010996
0.043174	0.0010844
0.043341	0.0010692
0.043507	0.001054
0.043674	0.0010388
0.043841	0.0010237
0.044007	0.0010086
0.044174	0.00099354
0.044341	0.0009786
0.044507	0.00096375
0.044674	0.00094911
0.044841	0.00093452
0.045008	0.00092017
0.045174	0.00090603
0.045341	0.0008921
0.045508	0.00087841
0.045674	0.00086519
0.045841	0.00085166
0.046008	0.00083906
0.046174	0.00082674
0.046341	0.00081473
0.046508	0.00080308
0.046674	0.00079184
0.046841	0.00078104
0.047008	0.00077072
0.047175	0.00076088
0.047341	0.00075151
0.047508	0.00074263
0.047675	0.00073428
0.047841	0.00072642
0.048008	0.00071908
0.048175	0.00071228
0.048341	0.00070599
0.048508	0.0007002
0.048675	0.00069491
0.048841	0.00069011
0.049008	0.00068579
0.049175	0.00068193
0.049342	0.00067849
0.049508	0.00067545
0.049675	0.0006728
0.049842	0.00067048
0.050008	0.00066848
0.050175	0.00066676
0.050342	0.0006653
0.050508	0.00066404
0.050675	0.00066295
0.050842	0.00066204
0.051009	0.00066118
0.051175	0.00066041
0.051342	0.00065968
0.051509	0.00065894
0.051675	0.00065816
0.051842	0.00065733
0.052009	0.0006564
0.052175	0.00065533
0.052342	0.00065412
0.052509	0.00065275
0.052675	0.00065116
0.052842	0.00064936
0.053009	0.00064732
0.053176	0.00064503
0.053342	0.00064247
0.053509	0.00063964
0.053676	0.00063652
0.053842	0.00063308
0.054009	0.00062935
0.054176	0.0006253
0.054342	0.00062095
0.054509	0.00061628
0.054676	0.00061129
0.054842	0.000606
0.055009	0.0006004
0.055176	0.0005945
0.055343	0.00058832
0.055509	0.00058184
0.055676	0.0005751
0.055843	0.0005681
0.056009	0.00056084
0.056176	0.00055337
0.056343	0.00054567
0.056509	0.00053777
0.056676	0.00052971
0.056843	0.00052149
0.05701	0.00051314
0.057176	0.00050467
0.057343	0.00049615
0.05751	0.00048755
0.057676	0.00047893
0.057843	0.00047031
0.05801	0.00046175
0.058176	0.00045324
0.058343	0.00044484
0.05851	0.00043658
0.058676	0.00042848
0.058843	0.0004206
0.05901	0.000413
0.059177	0.00040566
0.059343	0.00039864
0.05951	0.00039201
0.059677	0.00038578
0.059843	0.00037999
0.06001	0.00037466
0.060177	0.00036982
0.060343	0.00036554
0.06051	0.00036182
0.060677	0.00035864
0.060843	0.00035608
0.06101	0.00035411
0.061177	0.00035274
0.061344	0.00035197
0.06151	0.00035182
0.061677	0.00035224
0.061844	0.00035322
0.06201	0.00035476
0.062177	0.00035679
0.062344	0.00035931
0.06251	0.00036233
0.062677	0.00036581
0.062844	0.00036969
0.063011	0.00037387
0.063177	0.00037831
0.063344	0.00038309
0.063511	0.0003883
0.063677	0.00039398
0.063844	0.00039977
0.064011	0.00040524
0.064177	0.00041045
0.064344	0.00041628
0.064511	0.00042372
0.064677	0.00043226
0.064844	0.00043946
0.065011	0.00044315
0.065178	0.00044514
0.065344	0.00045196
0.065511	0.00046855
0.065678	0.00048837
0.065844	0.00049527
0.066011	0.00047969
0.066178	0.0004598
0.066344	0.00048073
0.066511	0.00055914
0.066678	0.00062328
0.066844	0.00059937
0.067011	0.00045151
0.067178	0.00031897
0.067345	0.00056904
0.067511	0.0015473
0.067678	0.001225
0.067845	0.0011073
0.068011	0.00061875
0.068178	0.00080759
0.068345	0.0026649
0.068511	0.0080382
0.068678	0.0094974
0.068845	0.0010105
0.069012	0.00043184
0.069178	0.00072042
0.069345	0.00058247
0.069512	0.00029086
0.069678	3.7709e-05
0.069845	0.00017447
0.070012	0.00023572
0.070178	0.00021105
0.070345	0.00015882
0.070512	0.00014437
0.070678	0.00016829
0.070845	0.00018626
0.071012	0.00018589
0.071179	0.00017614
0.071345	0.00016893
0.071512	0.00016759
0.071679	0.0001677
0.071845	0.00016518
0.072012	0.0001598
0.072179	0.00015339
0.072345	0.00014738
0.072512	0.00014175
0.072679	0.00013584
0.072845	0.00012927
0.073012	0.00012218
0.073179	0.0001149
0.073346	0.00010762
0.073512	0.00010037
0.073679	9.3093e-05
0.073846	8.5852e-05
0.074012	7.8792e-05
0.074179	7.2082e-05
0.074346	6.5925e-05
0.074512	6.0518e-05
0.074679	5.6132e-05
0.074846	5.3061e-05
0.075013	5.1576e-05
0.075179	5.1838e-05
0.075346	5.3812e-05
0.075513	5.7296e-05
0.075679	6.2035e-05
0.075846	6.7721e-05
0.076013	7.4085e-05
0.076179	8.0956e-05
0.076346	8.8143e-05
0.076513	9.5549e-05
0.076679	0.00010306
0.076846	0.00011063
0.077013	0.00011817
0.07718	0.00012566
0.077346	0.00013305
0.077513	0.00014031
0.07768	0.00014743
0.077846	0.00015436
0.078013	0.00016109
0.07818	0.00016761
0.078346	0.0001739
0.078513	0.00017994
0.07868	0.00018572
0.078846	0.00019123
0.079013	0.00019646
0.07918	0.0002014
0.079347	0.00020602
0.079513	0.00021036
0.07968	0.00021437
0.079847	0.00021806
0.080013	0.00022144
0.08018	0.00022446
0.080347	0.00022714
0.080513	0.00022949
0.08068	0.0002315
0.080847	0.00023314
0.081014	0.00023444
0.08118	0.00023539
0.081347	0.00023599
0.081514	0.00023622
0.08168	0.0002361
0.081847	0.00023562
0.082014	0.0002348
0.08218	0.00023362
0.082347	0.00023207
0.082514	0.0002302
0.08268	0.00022796
0.082847	0.0002254
0.083014	0.00022249
0.083181	0.00021926
0.083347	0.00021571
0.083514	0.00021183
0.083681	0.00020764
0.083847	0.00020315
0.084014	0.00019836
0.084181	0.00019327
0.084347	0.00018792
0.084514	0.00018229
0.084681	0.0001764
0.084847	0.00017026
0.085014	0.0001639
0.085181	0.00015729
0.085348	0.00015048
0.085514	0.00014346
0.085681	0.00013626
0.085848	0.00012888
0.086014	0.00012134
0.086181	0.00011366
0.086348	0.00010585
0.086514	9.7925e-05
0.086681	8.9913e-05
0.086848	8.1825e-05
0.087015	7.3684e-05
0.087181	6.5559e-05
0.087348	5.7443e-05
0.087515	4.942e-05
0.087681	4.1579e-05
0.087848	3.4089e-05
0.088015	2.7262e-05
0.088181	2.176e-05
0.088348	1.8779e-05
0.088515	1.9474e-05
0.088681	2.3476e-05
0.088848	2.941e-05
0.089015	3.6296e-05
0.089182	4.3618e-05
0.089348	5.1129e-05
0.089515	5.8725e-05
0.089682	6.6301e-05
0.089848	7.3816e-05
0.090015	8.124e-05
0.090182	8.8533e-05
0.090348	9.5711e-05
0.090515	0.00010263
0.090682	0.00010945
0.090848	0.00011606
0.091015	0.00012246
0.091182	0.00012865
0.091349	0.00013462
0.091515	0.00014015
0.091682	0.00014571
0.091849	0.0001509
0.092015	0.00015579
0.092182	0.00016043
0.092349	0.00016477
0.092515	0.00016882
0.092682	0.00017258
0.092849	0.00017602
0.093016	0.00017915
0.093182	0.00018199
0.093349	0.00018449
0.093516	0.00018668
0.093682	0.00018854
0.093849	0.00019009
0.094016	0.0001913
0.094182	0.0001922
0.094349	0.00019276
0.094516	0.00019301
0.094682	0.00019293
0.094849	0.00019253
0.095016	0.00019182
0.095183	0.00019079
0.095349	0.00018946
0.095516	0.00018783
0.095683	0.00018589
0.095849	0.00018367
0.096016	0.00018116
0.096183	0.00017839
0.096349	0.00017533
0.096516	0.00017202
0.096683	0.00016845
0.096849	0.00016467
0.097016	0.00016064
0.097183	0.00015639
0.09735	0.00015195
0.097516	0.00014731
0.097683	0.0001425
0.09785	0.00013752
0.098016	0.0001324
0.098183	0.00012714
0.09835	0.00012179
0.098516	0.00011634
0.098683	0.00011083
0.09885	0.00010527
0.099017	9.9708e-05
0.099183	9.415e-05
0.09935	8.8656e-05
0.099517	8.3245e-05
0.099683	7.7986e-05
0.09985	7.2925e-05
0.10002	6.8134e-05
0.10018	6.3681e-05
0.10035	5.9677e-05
0.10052	5.6216e-05
0.10068	5.3407e-05
0.10085	5.1348e-05
0.10102	5.0127e-05
0.10118	4.9783e-05
0.10135	5.0309e-05
0.10152	5.165e-05
0.10168	5.372e-05
0.10185	5.6386e-05
0.10202	5.9522e-05
0.10218	6.3044e-05
0.10235	6.6817e-05
0.10252	7.0777e-05
0.10268	7.484e-05
0.10285	7.8945e-05
0.10302	8.3048e-05
0.10318	8.7104e-05
0.10335	9.1086e-05
0.10352	9.4951e-05
0.10368	9.8676e-05
0.10385	0.00010225
0.10402	0.00010565
0.10418	0.00010884
0.10435	0.00011183
0.10452	0.00011459
0.10468	0.00011712
0.10485	0.0001194
0.10502	0.00012143
0.10518	0.00012316
0.10535	0.00012464
0.10552	0.00012583
0.10568	0.00012674
0.10585	0.00012733
0.10602	0.00012764
0.10618	0.00012762
0.10635	0.00012729
0.10652	0.00012665
0.10668	0.00012568
0.10685	0.00012438
0.10702	0.00012274
0.10718	0.00012075
0.10735	0.00011843
0.10752	0.00011576
0.10768	0.00011277
0.10785	0.00010942
0.10802	0.0001057
0.10818	0.00010155
0.10835	9.7021e-05
0.10852	9.2185e-05
0.10868	8.7129e-05
0.10885	8.1768e-05
0.10902	7.5874e-05
0.10918	6.9279e-05
0.10935	6.2163e-05
0.10952	5.5184e-05
0.10968	4.9072e-05
0.10985	4.4036e-05
0.11002	3.9731e-05
0.11019	3.6296e-05
0.11035	3.4626e-05
0.11052	3.4911e-05
0.11069	3.7991e-05
0.11085	5.097e-05
0.11102	8.0084e-05
0.11119	0.00011867
0.11135	0.00015034
0.11152	0.00015451
0.11169	0.0001198
0.11185	0.00012197
0.11202	0.00027788
0.11219	0.00052663
0.11235	0.00065628
0.11252	0.00066089
0.11269	0.00034916
0.11285	0.00050603
0.11302	0.0024388
0.11319	0.01008
0.11335	0.01061
0.11352	0.0023897
0.11369	0.0004184
0.11385	0.00057817
0.11402	0.00089626
0.11419	0.00087694
0.11435	0.00038859
0.11452	0.00043121
0.11469	0.00027025
0.11485	0.00027927
0.11502	0.00032118
0.11519	0.00031841
0.11535	0.0002818
0.11552	0.00024527
0.11569	0.00022945
0.11585	0.00022981
0.11602	0.00023031
0.11619	0.00022494
0.11635	0.00021722
0.11652	0.0002121
0.11669	0.00021087
0.11685	0.0002116
0.11702	0.00021242
0.11719	0.000213
0.11735	0.00021397
0.11752	0.00021581
0.11769	0.00021842
0.11785	0.00022144
0.11802	0.00022463
0.11819	0.00022798
0.11835	0.00023151
0.11852	0.00023524
0.11869	0.0002391
0.11885	0.00024302
0.11902	0.00024696
0.11919	0.00025086
0.11935	0.0002547
0.11952	0.00025848
0.11969	0.00026215
0.11985	0.00026569
0.12002	0.00026907
0.12019	0.00027226
0.12035	0.00027524
0.12052	0.00027801
0.12069	0.00028052
0.12085	0.00028275
0.12102	0.0002847
0.12119	0.00028634
0.12135	0.00028766
0.12152	0.00028864
0.12169	0.00028927
0.12185	0.00028952
0.12202	0.00028938
0.12219	0.00028885
0.12235	0.00028791
0.12252	0.00028657
0.12269	0.0002848
0.12285	0.0002826
0.12302	0.00027998
0.12319	0.0002769
0.12335	0.00027341
0.12352	0.00026947
0.12369	0.00026509
0.12385	0.0002603
0.12402	0.0002551
0.12419	0.00024948
0.12435	0.0002435
0.12452	0.00023715
0.12469	0.00023044
0.12485	0.00022347
0.12502	0.00021621
0.12519	0.00020871
0.12535	0.00020107
0.12552	0.00019333
0.12569	0.00018556
0.12585	0.00017787
0.12602	0.00017036
0.12619	0.00016315
0.12635	0.0001564
0.12652	0.00015029
0.12669	0.00014497
0.12685	0.00014065
0.12702	0.00013754
0.12719	0.00013576
0.12735	0.0001355
0.12752	0.0001368
0.12769	0.00013965
0.12785	0.00014403
0.12802	0.0001498
0.12819	0.00015681
0.12835	0.00016491
0.12852	0.0001739
0.12869	0.00018363
0.12885	0.00019394
0.12902	0.00020466
0.12919	0.00021571
0.12935	0.00022693
0.12952	0.00023822
0.12969	0.00024952
0.12985	0.0002607
0.13002	0.00027171
0.13019	0.00028247
0.13036	0.0002929
0.13052	0.00030295
0.13069	0.00031257
0.13086	0.00032168
0.13102	0.00033026
0.13119	0.00033825
0.13136	0.00034559
0.13152	0.00035228
0.13169	0.00035826
0.13186	0.00036348
0.13202	0.00036795
0.13219	0.0003716
0.13236	0.00037445
0.13252	0.00037645
0.13269	0.0003776
0.13286	0.00037791
0.13302	0.00037735
0.13319	0.0003759
0.13336	0.00037365
0.13352	0.00037053
0.13369	0.00036659
0.13386	0.00036185
0.13402	0.00035639
0.13419	0.00035018
0.13436	0.00034333
0.13452	0.0003359
0.13469	0.00032797
0.13486	0.00031962
0.13502	0.00031098
0.13519	0.00030215
0.13536	0.00029326
0.13552	0.00028453
0.13569	0.00027618
0.13586	0.00026848
0.13602	0.00026177
0.13619	0.00025439
0.13636	0.00025042
0.13652	0.00024717
0.13669	0.00024554
0.13686	0.00024583
0.13702	0.00024808
0.13719	0.00025235
0.13736	0.0002585
0.13752	0.00026649
0.13769	0.00027614
0.13786	0.00028728
0.13802	0.00029967
0.13819	0.00031308
0.13836	0.0003273
0.13852	0.00034211
0.13869	0.00035731
0.13886	0.00037269
0.13902	0.00038809
0.13919	0.00040333
0.13936	0.00041827
0.13952	0.00043274
0.13969	0.00044663
0.13986	0.00045978
0.14002	0.00047211
0.14019	0.00048348
0.14036	0.00049378
0.14052	0.00050293
0.14069	0.00051085
0.14086	0.00051742
0.14102	0.00052262
0.14119	0.00052631
0.14136	0.00052849
0.14152	0.0005291
0.14169	0.00052806
0.14186	0.00052539
0.14202	0.00052105
0.14219	0.00051503
0.14236	0.00050735
0.14252	0.00049806
0.14269	0.00048719
0.14286	0.0004748
0.14302	0.00046104
0.14319	0.00044606
0.14336	0.00043002
0.14352	0.00041324
0.14369	0.00039601
0.14386	0.00037879
0.14402	0.0003621
0.14419	0.00034666
0.14436	0.00033328
0.14452	0.00032289
0.14469	0.0003165
0.14486	0.00031509
0.14502	0.00031939
0.14519	0.00032984
0.14536	0.00034649
0.14552	0.00036898
0.14569	0.00039681
0.14586	0.00042924
0.14602	0.00046563
0.14619	0.00050527
0.14636	0.00054763
0.14652	0.00059216
0.14669	0.00063839
0.14686	0.00068594
0.14702	0.00073441
0.14719	0.00078349
0.14736	0.00083281
0.14752	0.00088212
0.14769	0.00093112
0.14786	0.00097951
0.14802	0.0010271
0.14819	0.0010734
0.14836	0.0011185
0.14852	0.0011618
0.14869	0.0012032
0.14886	0.0012424
0.14902	0.0012792
0.14919	0.0013132
0.14936	0.0013443
0.14952	0.0013722
0.14969	0.0013966
0.14986	0.0014172
0.15003	0.0014338
0.15019	0.0014461
0.15036	0.0014539
0.15053	0.0014569
0.15069	0.0014548
0.15086	0.0014473
0.15103	0.0014343
0.15119	0.0014154
0.15136	0.0013903
0.15153	0.0013588
0.15169	0.0013207
0.15186	0.0012755
0.15203	0.0012231
0.15219	0.0011631
0.15236	0.0010953
0.15253	0.0010193
0.15269	0.00093481
0.15286	0.00084159
0.15303	0.0007393
0.15319	0.00062775
0.15336	0.00050695
0.15353	0.00037756
0.15369	0.00024296
0.15386	0.00012704
0.15403	0.00015878
0.15419	0.00031538
0.15436	0.00050404
0.15453	0.00071178
0.15469	0.00093718
0.15486	0.0011813
0.15503	0.0014455
0.15519	0.0017311
0.15536	0.0020382
0.15553	0.002369
0.15569	0.0027287
0.15586	0.0031266
0.15603	0.0035696
0.15619	0.0040558
0.15636	0.0045766
0.15653	0.0051369
0.15669	0.0057816
0.15686	0.0065915
0.15703	0.0076055
0.15719	0.0087509
0.15736	0.0098614
0.15753	0.010932
0.15769	0.01259
0.15786	0.016374
0.15803	0.022603
0.15819	0.03231
0.15836	0.043708
0.15853	0.05543
0.15869	0.06666
0.15886	0.082049
0.15903	0.25256
0.15919	0.037688
0.15936	0.035536
0.15953	0.027945
0.15969	0.019899
0.15986	0.013843
0.16003	0.010784
0.16019	0.0094062
0.16036	0.0086704
0.16053	0.0076646
0.16069	0.0065366
0.16086	0.005549
0.16103	0.0048075
0.16119	0.0042414
0.16136	0.0037405
0.16153	0.0032558
0.16169	0.0027958
0.16186	0.0023817
0.16203	0.002018
0.16219	0.0016938
0.16236	0.0013967
0.16253	0.0011223
0.16269	0.00087266
0.16286	0.00065351
0.16303	0.0004743
0.16319	0.00035725
0.16336	0.00033716
0.16353	0.00040799
0.16369	0.0005214
0.16386	0.000646
0.16403	0.0007694
0.16419	0.00088694
0.16436	0.00099688
0.16453	0.0010985
0.16469	0.0011917
0.16486	0.0012763
0.16503	0.0013526
0.16519	0.0014206
0.16536	0.0014806
0.16553	0.001533
0.16569	0.0015778
0.16586	0.0016155
0.16603	0.0016462
0.16619	0.0016703
0.16636	0.0016879
0.16653	0.0016994
0.16669	0.001705
0.16686	0.0017049
0.16703	0.0016995
0.16719	0.001689
0.16736	0.0016736
0.16753	0.0016537
0.16769	0.0016294
0.16786	0.001601
0.16803	0.0015688
0.16819	0.0015331
0.16836	0.0014941
0.16853	0.001452
0.16869	0.0014071
0.16886	0.0013597
0.16903	0.00131
0.16919	0.0012582
0.16936	0.0012047
0.16953	0.0011496
0.16969	0.0010932
0.16986	0.0010358
0.17003	0.00097758
0.1702	0.00091887
0.17036	0.00085988
0.17053	0.00080088
0.1707	0.00074219
0.17086	0.00068411
0.17103	0.00062699
0.1712	0.00057122
0.17136	0.00051723
0.17153	0.00046563
0.1717	0.0004171
0.17186	0.00037258
0.17203	0.00033319
0.1722	0.00030041
0.17236	0.00027587
0.17253	0.00026104
0.1727	0.00025665
0.17286	0.00026223
0.17303	0.00027622
0.1732	0.00029647
0.17336	0.00032097
0.17353	0.00034798
0.1737	0.00037623
0.17386	0.00040476
0.17403	0.00043295
0.1742	0.00046026
0.17436	0.00048636
0.17453	0.00051102
0.1747	0.00053401
0.17486	0.0005552
0.17503	0.00057452
0.1752	0.00059188
0.17536	0.00060722
0.17553	0.00062054
0.1757	0.00063182
0.17586	0.00064105
0.17603	0.00064828
0.1762	0.00065351
0.17636	0.00065676
0.17653	0.00065812
0.1767	0.0006576
0.17686	0.00065531
0.17703	0.00065124
0.1772	0.00064554
0.17736	0.00063824
0.17753	0.00062943
0.1777	0.00061923
0.17786	0.00060768
0.17803	0.0005949
0.1782	0.00058102
0.17836	0.00056612
0.17853	0.00055029
0.1787	0.0005337
0.17886	0.00051641
0.17903	0.0004986
0.1792	0.00048036
0.17936	0.00046184
0.17953	0.00044321
0.1797	0.00042458
0.17986	0.00040613
0.18003	0.00038804
0.1802	0.00037045
0.18036	0.0003536
0.18053	0.0003376
0.1807	0.00032271
0.18086	0.00030913
0.18103	0.00029707
0.1812	0.00028669
0.18136	0.00027807
0.18153	0.00027129
0.1817	0.00026639
0.18186	0.000264
0.18203	0.0002623
0.1822	0.00026326
0.18236	0.00026578
0.18253	0.00026966
0.1827	0.00027461
0.18286	0.00028046
0.18303	0.00028701
0.1832	0.00029405
0.18336	0.00030137
0.18353	0.00030876
0.1837	0.00031614
0.18386	0.00032334
0.18403	0.00033024
0.1842	0.00033678
0.18436	0.00034284
0.18453	0.00034836
0.1847	0.00035331
0.18486	0.00035765
0.18503	0.00036132
0.1852	0.00036432
0.18536	0.00036663
0.18553	0.00036824
0.1857	0.00036914
0.18586	0.00036935
0.18603	0.00036889
0.1862	0.00036774
0.18636	0.00036596
0.18653	0.00036355
0.1867	0.00036055
0.18686	0.000357
0.18703	0.00035289
0.1872	0.00034832
0.18736	0.00034332
0.18753	0.00033791
0.1877	0.00033214
0.18786	0.00032608
0.18803	0.00031977
0.1882	0.00031329
0.18836	0.00030666
0.18853	0.00029997
0.1887	0.00029326
0.18886	0.00028661
0.18903	0.00028006
0.1892	0.00027369
0.18936	0.00026754
0.18953	0.00026171
0.1897	0.00025621
0.18986	0.0002511
0.19003	0.00024644
0.1902	0.00024227
0.19037	0.00023864
0.19053	0.00023553
0.1907	0.00023297
0.19087	0.00023098
0.19103	0.00022953
0.1912	0.00022861
0.19137	0.00022821
0.19153	0.00022828
0.1917	0.00022878
0.19187	0.00022966
0.19203	0.00023088
0.1922	0.00023239
0.19237	0.00023413
0.19253	0.00023604
0.1927	0.00023807
0.19287	0.00024021
0.19303	0.00024233
0.1932	0.00024445
0.19337	0.00024654
0.19353	0.0002485
0.1937	0.00025038
0.19387	0.00025208
0.19403	0.00025361
0.1942	0.00025496
0.19437	0.00025607
0.19453	0.00025697
0.1947	0.00025764
0.19487	0.00025808
0.19503	0.00025823
0.1952	0.00025816
0.19537	0.00025783
0.19553	0.00025726
0.1957	0.00025644
0.19587	0.00025538
0.19603	0.0002541
0.1962	0.00025263
0.19637	0.00025093
0.19653	0.00024906
0.1967	0.00024701
0.19687	0.00024482
0.19703	0.00024248
0.1972	0.00024004
0.19737	0.0002375
0.19753	0.00023488
0.1977	0.0002322
0.19787	0.00022951
0.19803	0.00022679
0.1982	0.0002241
0.19837	0.00022142
0.19853	0.00021881
0.1987	0.00021628
0.19887	0.00021386
0.19903	0.00021152
0.1992	0.00020933
0.19937	0.00020728
0.19953	0.00020541
0.1997	0.00020376
0.19987	0.00020231
0.20003	0.00020097
