0	0.00070423
0.0003436	0.00071024
0.0006872	0.00072803
0.0010308	0.00075687
0.0013744	0.00079574
0.001718	0.00084347
0.0020616	0.00089888
0.0024052	0.00096086
0.0027488	0.0010285
0.0030924	0.0011009
0.003436	0.0011774
0.0037796	0.0012576
0.0041232	0.0013409
0.0044668	0.0014272
0.0048104	0.0015163
0.005154	0.0016079
0.0054976	0.0017024
0.0058412	0.0017999
0.0061848	0.0019007
0.0065284	0.0020049
0.006872	0.0021133
0.0072155	0.0022261
0.0075591	0.002344
0.0079027	0.0024672
0.0082463	0.0025963
0.0085899	0.0027318
0.0089335	0.002874
0.0092771	0.0030228
0.0096207	0.0031788
0.0099643	0.0033418
0.010308	0.0035121
0.010652	0.0036897
0.010995	0.0038747
0.011339	0.0040674
0.011682	0.0042682
0.012026	0.0044775
0.01237	0.0046962
0.012713	0.0049255
0.013057	0.0051673
0.0134	0.0054229
0.013744	0.0056944
0.014087	0.0059848
0.014431	0.0062988
0.014775	0.0066399
0.015118	0.0070086
0.015462	0.0074093
0.015805	0.0078582
0.016149	0.0083645
0.016493	0.0089103
0.016836	0.0094904
0.01718	0.010176
0.017523	0.011033
0.017867	0.011935
0.018211	0.012731
0.018554	0.013751
0.018898	0.015587
0.019241	0.017652
0.019585	0.018447
0.019929	0.018936
0.020272	0.024446
0.020616	0.033496
0.020959	0.035238
0.021303	0.023132
0.021647	0.043505
0.02199	0.11135
0.022334	0.1846
0.022677	0.22417
0.023021	1
0.023365	0.27219
0.023708	0.17598
0.024052	0.088146
0.024395	0.034201
0.024739	0.036928
0.025083	0.04184
0.025426	0.032996
0.02577	0.024749
0.026113	0.022846
0.026457	0.022298
0.026801	0.020222
0.027144	0.017985
0.027488	0.016704
0.027831	0.015855
0.028175	0.014902
0.028519	0.013951
0.028862	0.013191
0.029206	0.012569
0.029549	0.011986
0.029893	0.011438
0.030237	0.010949
0.03058	0.010514
0.030924	0.010114
0.031267	0.0097402
0.031611	0.0093947
0.031955	0.0090752
0.032298	0.0087764
0.032642	0.008495
0.032985	0.0082298
0.033329	0.0079793
0.033673	0.007742
0.034016	0.0075165
0.03436	0.0073022
0.034703	0.0070981
0.035047	0.0069041
0.035391	0.0067196
0.035734	0.0065445
0.036078	0.0063784
0.036421	0.0062215
0.036765	0.0060734
0.037109	0.0059342
0.037452	0.0058035
0.037796	0.0056811
0.038139	0.0055669
0.038483	0.0054603
0.038827	0.005361
0.03917	0.0052683
0.039514	0.0051819
0.039857	0.0051009
0.040201	0.0050248
0.040545	0.0049527
0.040888	0.0048843
0.041232	0.0048187
0.041575	0.0047553
0.041919	0.0046936
0.042262	0.0046328
0.042606	0.0045728
0.04295	0.0045132
0.043293	0.0044535
0.043637	0.0043935
0.04398	0.004333
0.044324	0.0042722
0.044668	0.0042104
0.045011	0.0041482
0.045355	0.0040854
0.045698	0.004022
0.046042	0.0039586
0.046386	0.0038945
0.046729	0.0038311
0.047073	0.0037683
0.047416	0.0037061
0.04776	0.0036451
0.048104	0.0035858
0.048447	0.0035284
0.048791	0.0034733
0.049134	0.0034208
0.049478	0.0033715
0.049822	0.0033254
0.050165	0.0032827
0.050509	0.0032435
0.050852	0.003208
0.051196	0.003176
0.05154	0.0031475
0.051883	0.003122
0.052227	0.0030996
0.05257	0.0030795
0.052914	0.0030613
0.053258	0.0030448
0.053601	0.0030293
0.053945	0.0030142
0.054288	0.0029991
0.054632	0.0029837
0.054976	0.0029672
0.055319	0.0029495
0.055663	0.0029301
0.056006	0.0029087
0.05635	0.002885
0.056694	0.002859
0.057037	0.0028305
0.057381	0.0027996
0.057724	0.0027661
0.058068	0.0027301
0.058412	0.0026918
0.058755	0.0026514
0.059099	0.0026095
0.059442	0.0025658
0.059786	0.0025205
0.06013	0.002475
0.060473	0.0024294
0.060817	0.0023833
0.06116	0.0023364
0.061504	0.0022912
0.061848	0.00225
0.062191	0.0022086
0.062535	0.0021622
0.062878	0.0021197
0.063222	0.0020938
0.063566	0.0020663
0.063909	0.0020065
0.064253	0.0019465
0.064596	0.001962
0.06494	0.0019846
0.065284	0.0018437
0.065627	0.0016588
0.065971	0.0018237
0.066314	0.0020256
0.066658	0.001479
0.067002	0.00044291
0.067345	0.0029227
0.067689	0.0023573
0.068032	0.0022182
0.068376	0.0013052
0.06872	0.0023103
0.069063	0.017887
0.069407	0.0082634
0.06975	0.0057012
0.070094	0.0033978
0.070437	0.0026806
0.070781	0.0030253
0.071125	0.003066
0.071468	0.0026973
0.071812	0.0025437
0.072155	0.0025573
0.072499	0.0025102
0.072843	0.0024038
0.073186	0.0023259
0.07353	0.0022806
0.073873	0.0022295
0.074217	0.0021684
0.074561	0.002113
0.074904	0.0020666
0.075248	0.002023
0.075591	0.0019809
0.075935	0.0019436
0.076279	0.0019119
0.076622	0.0018855
0.076966	0.0018639
0.077309	0.0018477
0.077653	0.0018369
0.077997	0.0018311
0.07834	0.0018301
0.078684	0.0018332
0.079027	0.0018398
0.079371	0.0018494
0.079715	0.0018611
0.080058	0.0018743
0.080402	0.001888
0.080745	0.0019016
0.081089	0.0019142
0.081433	0.0019252
0.081776	0.001934
0.08212	0.00194
0.082463	0.0019427
0.082807	0.0019416
0.083151	0.0019365
0.083494	0.0019272
0.083838	0.0019133
0.084181	0.0018951
0.084525	0.0018725
0.084869	0.0018456
0.085212	0.0018149
0.085556	0.0017807
0.085899	0.0017435
0.086243	0.0017038
0.086587	0.0016625
0.08693	0.0016203
0.087274	0.0015782
0.087617	0.0015372
0.087961	0.0014982
0.088305	0.0014624
0.088648	0.0014307
0.088992	0.0014041
0.089335	0.0013833
0.089679	0.001369
0.090023	0.0013614
0.090366	0.0013605
0.09071	0.0013659
0.091053	0.0013771
0.091397	0.0013933
0.091741	0.0014133
0.092084	0.0014361
0.092428	0.0014604
0.092771	0.0014851
0.093115	0.0015089
0.093459	0.0015309
0.093802	0.0015501
0.094146	0.0015656
0.094489	0.001577
0.094833	0.0015833
0.095177	0.0015847
0.09552	0.0015804
0.095864	0.0015705
0.096207	0.001555
0.096551	0.001534
0.096894	0.001508
0.097238	0.0014773
0.097582	0.0014426
0.097925	0.0014045
0.098269	0.0013639
0.098612	0.0013219
0.098956	0.0012794
0.0993	0.0012377
0.099643	0.0011979
0.099987	0.0011614
0.10033	0.0011291
0.10067	0.0011022
0.10102	0.0010815
0.10136	0.0010673
0.1017	0.00106
0.10205	0.0010591
0.10239	0.0010641
0.10274	0.001074
0.10308	0.0010879
0.10342	0.0011044
0.10377	0.0011224
0.10411	0.0011406
0.10445	0.0011579
0.1048	0.0011736
0.10514	0.0011867
0.10548	0.0011961
0.10583	0.0012014
0.10617	0.0012033
0.10652	0.0012012
0.10686	0.0011928
0.1072	0.0011777
0.10755	0.0011607
0.10789	0.0011441
0.10823	0.0011182
0.10858	0.0010752
0.10892	0.0010342
0.10926	0.0010194
0.10961	0.00099613
0.10995	0.00090207
0.11029	0.00078466
0.11064	0.00081775
0.11098	0.0009273
0.11133	0.00088462
0.11167	0.00022733
0.11201	0.00041695
0.11236	0.0012576
0.1127	0.0029218
0.11304	0.00763
0.11339	0.016478
0.11373	0.001447
0.11407	0.0030118
0.11442	0.0027781
0.11476	0.0017951
0.11511	0.0020034
0.11545	0.0012317
0.11579	0.0015183
0.11614	0.0014305
0.11648	0.0013018
0.11682	0.0013041
0.11717	0.0013343
0.11751	0.0013149
0.11785	0.001286
0.1182	0.0012781
0.11854	0.0012765
0.11888	0.0012664
0.11923	0.0012522
0.11957	0.001239
0.11992	0.0012254
0.12026	0.0012083
0.1206	0.001188
0.12095	0.0011654
0.12129	0.0011404
0.12163	0.0011126
0.12198	0.0010823
0.12232	0.0010499
0.12266	0.001016
0.12301	0.00098097
0.12335	0.00094567
0.1237	0.00091096
0.12404	0.00087785
0.12438	0.00084747
0.12473	0.00082097
0.12507	0.00079944
0.12541	0.00078384
0.12576	0.00077482
0.1261	0.00077265
0.12644	0.00077719
0.12679	0.00078777
0.12713	0.00080335
0.12747	0.00082272
0.12782	0.00084441
0.12816	0.00086698
0.12851	0.00088901
0.12885	0.00090921
0.12919	0.00092639
0.12954	0.00093958
0.12988	0.00094796
0.13022	0.00095083
0.13057	0.00094777
0.13091	0.00093843
0.13125	0.00092274
0.1316	0.00090078
0.13194	0.00087283
0.13229	0.00083939
0.13263	0.00080117
0.13297	0.00075913
0.13332	0.00071452
0.13366	0.00066884
0.134	0.00062398
0.13435	0.00058209
0.13469	0.00054555
0.13503	0.00051677
0.13538	0.00049801
0.13572	0.0004904
0.13606	0.00049347
0.13641	0.00050672
0.13675	0.00052571
0.1371	0.00054973
0.13744	0.00057534
0.13778	0.0005999
0.13813	0.00062128
0.13847	0.00063806
0.13881	0.00064874
0.13916	0.00065244
0.1395	0.00064846
0.13984	0.00063639
0.14019	0.00061608
0.14053	0.00058753
0.14087	0.00055103
0.14122	0.000507
0.14156	0.00045607
0.14191	0.00039904
0.14225	0.00033682
0.14259	0.00027049
0.14294	0.00020134
0.14328	0.00013116
0.14362	6.4764e-05
0.14397	4.3833e-05
0.14431	0.00010092
0.14465	0.00016819
0.145	0.00023493
0.14534	0.00029959
0.14569	0.00036189
0.14603	0.00042221
0.14637	0.00048141
0.14672	0.00054087
0.14706	0.0006023
0.1474	0.00066776
0.14775	0.00073923
0.14809	0.00081857
0.14843	0.00090718
0.14878	0.0010058
0.14912	0.0011146
0.14946	0.0012329
0.14981	0.0013593
0.15015	0.0014917
0.1505	0.0016277
0.15084	0.0017643
0.15118	0.0018983
0.15153	0.002025
0.15187	0.0021396
0.15221	0.0022383
0.15256	0.0023172
0.1529	0.0023694
0.15324	0.0023848
0.15359	0.0023579
0.15393	0.0022921
0.15428	0.0021838
0.15462	0.0020061
0.15496	0.0017423
0.15531	0.0014562
0.15565	0.0013283
0.15599	0.0015751
0.15634	0.0023964
0.15668	0.0034572
0.15702	0.0043942
0.15737	0.0075625
0.15771	0.014543
0.15805	0.030366
0.1584	0.051513
0.15874	0.076418
0.15909	0.11337
0.15943	0.16772
0.15977	0.034795
0.16012	0.032694
0.16046	0.022077
0.1608	0.014278
0.16115	0.012986
0.16149	0.01108
0.16183	0.0096243
0.16218	0.0078611
0.16252	0.0066237
0.16287	0.0057367
0.16321	0.0048589
0.16355	0.0039775
0.1639	0.0032302
0.16424	0.0026189
0.16458	0.0021059
0.16493	0.0017185
0.16527	0.0015179
0.16561	0.0015096
0.16596	0.0016404
0.1663	0.0018454
0.16664	0.0020759
0.16699	0.0023007
0.16733	0.0025028
0.16768	0.0026746
0.16802	0.0028126
0.16836	0.0029147
0.16871	0.0029808
0.16905	0.0030118
0.16939	0.0030093
0.16974	0.0029753
0.17008	0.0029125
0.17042	0.0028239
0.17077	0.0027128
0.17111	0.0025829
0.17146	0.0024381
0.1718	0.0022829
0.17214	0.002122
0.17249	0.0019607
0.17283	0.0018045
0.17317	0.0016599
0.17352	0.0015331
0.17386	0.0014307
0.1742	0.0013577
0.17455	0.0013171
0.17489	0.0013082
0.17523	0.0013271
0.17558	0.0013671
0.17592	0.0014209
0.17627	0.0014817
0.17661	0.0015433
0.17695	0.0016015
0.1773	0.0016526
0.17764	0.0016943
0.17798	0.001725
0.17833	0.0017441
0.17867	0.0017512
0.17901	0.0017466
0.17936	0.0017308
0.1797	0.0017049
0.18005	0.0016704
0.18039	0.0016285
0.18073	0.0015811
0.18108	0.0015304
0.18142	0.0014784
0.18176	0.001427
0.18211	0.0013781
0.18245	0.0013354
0.18279	0.0012968
0.18314	0.0012673
0.18348	0.0012462
0.18382	0.0012336
0.18417	0.0012291
0.18451	0.0012317
0.18486	0.0012401
0.1852	0.0012526
0.18554	0.0012675
0.18589	0.0012833
0.18623	0.0012985
0.18657	0.0013119
0.18692	0.0013226
0.18726	0.0013298
0.1876	0.0013331
0.18795	0.0013323
0.18829	0.0013275
0.18864	0.0013187
0.18898	0.0013064
0.18932	0.0012911
0.18967	0.0012734
0.19001	0.0012539
0.19035	0.0012336
0.1907	0.0012131
0.19104	0.0011931
0.19138	0.0011745
0.19173	0.0011577
0.19207	0.0011432
0.19241	0.0011314
0.19276	0.0011224
0.1931	0.0011162
0.19345	0.0011126
0.19379	0.0011113
0.19413	0.0011119
0.19448	0.0011138
0.19482	0.0011166
0.19516	0.0011198
0.19551	0.0011229
0.19585	0.0011253
0.19619	0.0011268
0.19654	0.0011272
0.19688	0.001126
0.19722	0.0011231
0.19757	0.0011187
0.19791	0.001113
0.19826	0.0011057
0.1986	0.001096
0.19894	0.0010855
0.19929	0.0010761
0.19963	0.0010659
0.19997	0.0010503
0.20032	0.0010332
