0	4.7662e-05
0.0003436	4.8069e-05
0.0006872	4.9273e-05
0.0010308	5.1225e-05
0.0013744	5.3856e-05
0.001718	5.7086e-05
0.0020616	6.0836e-05
0.0024052	6.5031e-05
0.0027488	6.9607e-05
0.0030924	7.4508e-05
0.003436	7.9689e-05
0.0037796	8.5113e-05
0.0041232	9.0755e-05
0.0044668	9.6593e-05
0.0048104	0.00010262
0.005154	0.00010882
0.0054976	0.00011522
0.0058412	0.00012182
0.0061848	0.00012864
0.0065284	0.00013569
0.006872	0.00014303
0.0072155	0.00015066
0.0075591	0.00015864
0.0079027	0.00016698
0.0082463	0.00017572
0.0085899	0.00018489
0.0089335	0.00019451
0.0092771	0.00020458
0.0096207	0.00021514
0.0099643	0.00022617
0.010308	0.0002377
0.010652	0.00024972
0.010995	0.00026224
0.011339	0.00027528
0.011682	0.00028887
0.012026	0.00030304
0.01237	0.00031784
0.012713	0.00033336
0.013057	0.00034972
0.0134	0.00036702
0.013744	0.0003854
0.014087	0.00040505
0.014431	0.0004263
0.014775	0.00044939
0.015118	0.00047434
0.015462	0.00050146
0.015805	0.00053184
0.016149	0.00056611
0.016493	0.00060305
0.016836	0.00064231
0.01718	0.00068871
0.017523	0.00074669
0.017867	0.00080779
0.018211	0.00086161
0.018554	0.00093067
0.018898	0.0010549
0.019241	0.0011947
0.019585	0.0012485
0.019929	0.0012816
0.020272	0.0016545
0.020616	0.002267
0.020959	0.0023849
0.021303	0.0015656
0.021647	0.0029444
0.02199	0.0075362
0.022334	0.012494
0.022677	0.015172
0.023021	0.06768
0.023365	0.018422
0.023708	0.01191
0.024052	0.0059657
0.024395	0.0023147
0.024739	0.0024993
0.025083	0.0028317
0.025426	0.0022332
0.02577	0.001675
0.026113	0.0015462
0.026457	0.0015091
0.026801	0.0013686
0.027144	0.0012172
0.027488	0.0011305
0.027831	0.0010731
0.028175	0.0010086
0.028519	0.00094419
0.028862	0.00089276
0.029206	0.00085065
0.029549	0.00081124
0.029893	0.00077412
0.030237	0.00074103
0.03058	0.00071161
0.030924	0.00068452
0.031267	0.00065922
0.031611	0.00063583
0.031955	0.00061421
0.032298	0.00059399
0.032642	0.00057494
0.032985	0.00055699
0.033329	0.00054004
0.033673	0.00052398
0.034016	0.00050872
0.03436	0.00049421
0.034703	0.0004804
0.035047	0.00046727
0.035391	0.00045478
0.035734	0.00044293
0.036078	0.00043169
0.036421	0.00042107
0.036765	0.00041105
0.037109	0.00040163
0.037452	0.00039278
0.037796	0.0003845
0.038139	0.00037677
0.038483	0.00036955
0.038827	0.00036283
0.03917	0.00035656
0.039514	0.00035071
0.039857	0.00034523
0.040201	0.00034008
0.040545	0.0003352
0.040888	0.00033057
0.041232	0.00032613
0.041575	0.00032184
0.041919	0.00031766
0.042262	0.00031355
0.042606	0.00030949
0.04295	0.00030545
0.043293	0.00030141
0.043637	0.00029735
0.04398	0.00029326
0.044324	0.00028914
0.044668	0.00028496
0.045011	0.00028075
0.045355	0.0002765
0.045698	0.00027221
0.046042	0.00026792
0.046386	0.00026358
0.046729	0.00025929
0.047073	0.00025504
0.047416	0.00025083
0.04776	0.0002467
0.048104	0.00024269
0.048447	0.0002388
0.048791	0.00023507
0.049134	0.00023152
0.049478	0.00022818
0.049822	0.00022506
0.050165	0.00022217
0.050509	0.00021952
0.050852	0.00021712
0.051196	0.00021495
0.05154	0.00021302
0.051883	0.0002113
0.052227	0.00020978
0.05257	0.00020842
0.052914	0.00020719
0.053258	0.00020607
0.053601	0.00020502
0.053945	0.000204
0.054288	0.00020298
0.054632	0.00020194
0.054976	0.00020082
0.055319	0.00019962
0.055663	0.00019831
0.056006	0.00019686
0.05635	0.00019526
0.056694	0.0001935
0.057037	0.00019157
0.057381	0.00018948
0.057724	0.00018721
0.058068	0.00018477
0.058412	0.00018218
0.058755	0.00017945
0.059099	0.00017661
0.059442	0.00017365
0.059786	0.00017059
0.06013	0.00016751
0.060473	0.00016442
0.060817	0.0001613
0.06116	0.00015813
0.061504	0.00015507
0.061848	0.00015228
0.062191	0.00014948
0.062535	0.00014634
0.062878	0.00014346
0.063222	0.00014171
0.063566	0.00013985
0.063909	0.0001358
0.064253	0.00013174
0.064596	0.00013279
0.06494	0.00013432
0.065284	0.00012478
0.065627	0.00011227
0.065971	0.00012343
0.066314	0.00013709
0.066658	0.0001001
0.067002	2.9976e-05
0.067345	0.00019781
0.067689	0.00015954
0.068032	0.00015013
0.068376	8.8335e-05
0.06872	0.00015636
0.069063	0.0012106
0.069407	0.00055927
0.06975	0.00038586
0.070094	0.00022996
0.070437	0.00018142
0.070781	0.00020475
0.071125	0.00020751
0.071468	0.00018255
0.071812	0.00017216
0.072155	0.00017308
0.072499	0.00016989
0.072843	0.00016269
0.073186	0.00015742
0.07353	0.00015435
0.073873	0.00015089
0.074217	0.00014676
0.074561	0.00014301
0.074904	0.00013987
0.075248	0.00013692
0.075591	0.00013407
0.075935	0.00013154
0.076279	0.0001294
0.076622	0.00012761
0.076966	0.00012615
0.077309	0.00012505
0.077653	0.00012432
0.077997	0.00012393
0.07834	0.00012386
0.078684	0.00012407
0.079027	0.00012452
0.079371	0.00012517
0.079715	0.00012596
0.080058	0.00012685
0.080402	0.00012778
0.080745	0.0001287
0.081089	0.00012955
0.081433	0.0001303
0.081776	0.00013089
0.08212	0.0001313
0.082463	0.00013148
0.082807	0.00013141
0.083151	0.00013106
0.083494	0.00013043
0.083838	0.00012949
0.084181	0.00012826
0.084525	0.00012673
0.084869	0.00012491
0.085212	0.00012283
0.085556	0.00012052
0.085899	0.000118
0.086243	0.00011531
0.086587	0.00011252
0.08693	0.00010966
0.087274	0.00010681
0.087617	0.00010404
0.087961	0.0001014
0.088305	9.8972e-05
0.088648	9.6829e-05
0.088992	9.5028e-05
0.089335	9.3623e-05
0.089679	9.2655e-05
0.090023	9.214e-05
0.090366	9.2076e-05
0.09071	9.2445e-05
0.091053	9.3204e-05
0.091397	9.4296e-05
0.091741	9.5651e-05
0.092084	9.7197e-05
0.092428	9.8838e-05
0.092771	0.00010051
0.093115	0.00010212
0.093459	0.00010361
0.093802	0.00010491
0.094146	0.00010596
0.094489	0.00010673
0.094833	0.00010716
0.095177	0.00010725
0.09552	0.00010696
0.095864	0.00010629
0.096207	0.00010524
0.096551	0.00010382
0.096894	0.00010206
0.097238	9.9986e-05
0.097582	9.7634e-05
0.097925	9.5057e-05
0.098269	9.2312e-05
0.098612	8.9466e-05
0.098956	8.6591e-05
0.0993	8.3767e-05
0.099643	8.1077e-05
0.099987	7.8601e-05
0.10033	7.6419e-05
0.10067	7.4599e-05
0.10102	7.3194e-05
0.10136	7.2237e-05
0.1017	7.1738e-05
0.10205	7.1677e-05
0.10239	7.2016e-05
0.10274	7.269e-05
0.10308	7.3627e-05
0.10342	7.4748e-05
0.10377	7.5966e-05
0.10411	7.7196e-05
0.10445	7.8369e-05
0.1048	7.9432e-05
0.10514	8.0318e-05
0.10548	8.0953e-05
0.10583	8.1313e-05
0.10617	8.1436e-05
0.10652	8.1296e-05
0.10686	8.0729e-05
0.1072	7.971e-05
0.10755	7.8559e-05
0.10789	7.7432e-05
0.10823	7.5679e-05
0.10858	7.2768e-05
0.10892	6.9992e-05
0.10926	6.8996e-05
0.10961	6.7418e-05
0.10995	6.1052e-05
0.11029	5.3106e-05
0.11064	5.5345e-05
0.11098	6.276e-05
0.11133	5.9871e-05
0.11167	1.5386e-05
0.11201	2.8219e-05
0.11236	8.5111e-05
0.1127	0.00019775
0.11304	0.0005164
0.11339	0.0011152
0.11373	9.7936e-05
0.11407	0.00020384
0.11442	0.00018802
0.11476	0.00012149
0.11511	0.00013559
0.11545	8.3364e-05
0.11579	0.00010276
0.11614	9.6817e-05
0.11648	8.8107e-05
0.11682	8.8261e-05
0.11717	9.0303e-05
0.11751	8.8992e-05
0.11785	8.7036e-05
0.1182	8.65e-05
0.11854	8.6391e-05
0.11888	8.5707e-05
0.11923	8.4746e-05
0.11957	8.3856e-05
0.11992	8.2932e-05
0.12026	8.178e-05
0.1206	8.0406e-05
0.12095	7.8872e-05
0.12129	7.7179e-05
0.12163	7.53e-05
0.12198	7.3249e-05
0.12232	7.1059e-05
0.12266	6.8761e-05
0.12301	6.6392e-05
0.12335	6.4003e-05
0.1237	6.1654e-05
0.12404	5.9413e-05
0.12438	5.7357e-05
0.12473	5.5563e-05
0.12507	5.4106e-05
0.12541	5.305e-05
0.12576	5.244e-05
0.1261	5.2293e-05
0.12644	5.26e-05
0.12679	5.3316e-05
0.12713	5.4371e-05
0.12747	5.5682e-05
0.12782	5.715e-05
0.12816	5.8677e-05
0.12851	6.0168e-05
0.12885	6.1535e-05
0.12919	6.2698e-05
0.12954	6.3591e-05
0.12988	6.4158e-05
0.13022	6.4352e-05
0.13057	6.4145e-05
0.13091	6.3513e-05
0.13125	6.2451e-05
0.1316	6.0965e-05
0.13194	5.9073e-05
0.13229	5.681e-05
0.13263	5.4223e-05
0.13297	5.1378e-05
0.13332	4.8359e-05
0.13366	4.5267e-05
0.134	4.2231e-05
0.13435	3.9396e-05
0.13469	3.6923e-05
0.13503	3.4975e-05
0.13538	3.3705e-05
0.13572	3.319e-05
0.13606	3.3398e-05
0.13641	3.4295e-05
0.13675	3.558e-05
0.1371	3.7206e-05
0.13744	3.8939e-05
0.13778	4.0601e-05
0.13813	4.2048e-05
0.13847	4.3184e-05
0.13881	4.3907e-05
0.13916	4.4157e-05
0.1395	4.3888e-05
0.13984	4.3071e-05
0.14019	4.1696e-05
0.14053	3.9764e-05
0.14087	3.7294e-05
0.14122	3.4314e-05
0.14156	3.0867e-05
0.14191	2.7007e-05
0.14225	2.2796e-05
0.14259	1.8307e-05
0.14294	1.3627e-05
0.14328	8.8766e-06
0.14362	4.3832e-06
0.14397	2.9666e-06
0.14431	6.8302e-06
0.14465	1.1383e-05
0.145	1.59e-05
0.14534	2.0276e-05
0.14569	2.4493e-05
0.14603	2.8575e-05
0.14637	3.2582e-05
0.14672	3.6606e-05
0.14706	4.0764e-05
0.1474	4.5194e-05
0.14775	5.0031e-05
0.14809	5.5401e-05
0.14843	6.1398e-05
0.14878	6.8074e-05
0.14912	7.5435e-05
0.14946	8.3441e-05
0.14981	9.1996e-05
0.15015	0.00010096
0.1505	0.00011016
0.15084	0.00011941
0.15118	0.00012848
0.15153	0.00013705
0.15187	0.00014481
0.15221	0.00015149
0.15256	0.00015683
0.1529	0.00016036
0.15324	0.0001614
0.15359	0.00015958
0.15393	0.00015513
0.15428	0.0001478
0.15462	0.00013577
0.15496	0.00011792
0.15531	9.8557e-05
0.15565	8.9897e-05
0.15599	0.0001066
0.15634	0.00016219
0.15668	0.00023398
0.15702	0.0002974
0.15737	0.00051183
0.15771	0.00098429
0.15805	0.0020552
0.1584	0.0034864
0.15874	0.005172
0.15909	0.0076728
0.15943	0.011351
0.15977	0.0023549
0.16012	0.0022127
0.16046	0.0014942
0.1608	0.00096636
0.16115	0.00087891
0.16149	0.00074987
0.16183	0.00065137
0.16218	0.00053204
0.16252	0.00044829
0.16287	0.00038826
0.16321	0.00032885
0.16355	0.0002692
0.1639	0.00021862
0.16424	0.00017725
0.16458	0.00014253
0.16493	0.00011631
0.16527	0.00010273
0.16561	0.00010217
0.16596	0.00011102
0.1663	0.0001249
0.16664	0.0001405
0.16699	0.00015571
0.16733	0.00016939
0.16768	0.00018102
0.16802	0.00019036
0.16836	0.00019727
0.16871	0.00020174
0.16905	0.00020384
0.16939	0.00020367
0.16974	0.00020137
0.17008	0.00019712
0.17042	0.00019112
0.17077	0.0001836
0.17111	0.00017481
0.17146	0.00016501
0.1718	0.00015451
0.17214	0.00014362
0.17249	0.0001327
0.17283	0.00012213
0.17317	0.00011234
0.17352	0.00010376
0.17386	9.6827e-05
0.1742	9.1889e-05
0.17455	8.9141e-05
0.17489	8.8541e-05
0.17523	8.9816e-05
0.17558	9.2524e-05
0.17592	9.6169e-05
0.17627	0.00010028
0.17661	0.00010445
0.17695	0.00010839
0.1773	0.00011185
0.17764	0.00011467
0.17798	0.00011675
0.17833	0.00011804
0.17867	0.00011852
0.17901	0.00011821
0.17936	0.00011714
0.1797	0.00011539
0.18005	0.00011305
0.18039	0.00011022
0.18073	0.00010701
0.18108	0.00010358
0.18142	0.00010006
0.18176	9.6579e-05
0.18211	9.3268e-05
0.18245	9.0379e-05
0.18279	8.7769e-05
0.18314	8.5768e-05
0.18348	8.4342e-05
0.18382	8.3489e-05
0.18417	8.3184e-05
0.18451	8.3364e-05
0.18486	8.3931e-05
0.1852	8.4776e-05
0.18554	8.5787e-05
0.18589	8.6855e-05
0.18623	8.7884e-05
0.18657	8.8792e-05
0.18692	8.9513e-05
0.18726	9.0001e-05
0.1876	9.0226e-05
0.18795	9.0173e-05
0.18829	8.9844e-05
0.18864	8.925e-05
0.18898	8.8418e-05
0.18932	8.738e-05
0.18967	8.6182e-05
0.19001	8.4867e-05
0.19035	8.349e-05
0.1907	8.2101e-05
0.19104	8.0751e-05
0.19138	7.9488e-05
0.19173	7.8352e-05
0.19207	7.7373e-05
0.19241	7.6575e-05
0.19276	7.5967e-05
0.1931	7.5547e-05
0.19345	7.5302e-05
0.19379	7.5213e-05
0.19413	7.5252e-05
0.19448	7.5384e-05
0.19482	7.5574e-05
0.19516	7.579e-05
0.19551	7.5996e-05
0.19585	7.6161e-05
0.19619	7.6263e-05
0.19654	7.6286e-05
0.19688	7.6207e-05
0.19722	7.6012e-05
0.19757	7.5714e-05
0.19791	7.5331e-05
0.19826	7.4831e-05
0.1986	7.4179e-05
0.19894	7.3467e-05
0.19929	7.2833e-05
0.19963	7.2141e-05
0.19997	7.1083e-05
0.20032	6.9927e-05
