0	0.0025935
0.00018444	0.0025937
0.00036888	0.0025943
0.00055332	0.0025953
0.00073776	0.0025967
0.0009222	0.0025987
0.0011066	0.0026009
0.0012911	0.0026036
0.0014755	0.0026066
0.00166	0.0026101
0.0018444	0.0026138
0.0020288	0.0026181
0.0022133	0.0026226
0.0023977	0.0026276
0.0025822	0.0026329
0.0027666	0.0026385
0.0029511	0.0026445
0.0031355	0.0026509
0.0033199	0.0026577
0.0035044	0.0026648
0.0036888	0.0026723
0.0038733	0.0026802
0.0040577	0.0026886
0.0042421	0.0026972
0.0044266	0.0027063
0.004611	0.0027159
0.0047955	0.002726
0.0049799	0.0027365
0.0051643	0.0027475
0.0053488	0.0027591
0.0055332	0.0027712
0.0057177	0.0027839
0.0059021	0.0027972
0.0060865	0.0028112
0.006271	0.0028257
0.0064554	0.0028411
0.0066399	0.0028571
0.0068243	0.0028738
0.0070088	0.0028913
0.0071932	0.0029095
0.0073776	0.0029285
0.0075621	0.0029482
0.0077465	0.0029688
0.007931	0.0029902
0.0081154	0.0030126
0.0082998	0.0030356
0.0084843	0.0030595
0.0086687	0.0030842
0.0088532	0.0031098
0.0090376	0.0031363
0.009222	0.0031635
0.0094065	0.0031915
0.0095909	0.0032205
0.0097754	0.0032502
0.0099598	0.0032808
0.010144	0.0033124
0.010329	0.003345
0.010513	0.0033787
0.010698	0.0034135
0.010882	0.0034495
0.011066	0.0034865
0.011251	0.0035244
0.011435	0.0035635
0.01162	0.0036017
0.011804	0.0036429
0.011989	0.0036852
0.012173	0.0037295
0.012358	0.0037761
0.012542	0.0038257
0.012726	0.0038779
0.012911	0.0039324
0.013095	0.0039883
0.01328	0.0040451
0.013464	0.0041022
0.013649	0.0041599
0.013833	0.0042192
0.014018	0.0042823
0.014202	0.0043516
0.014386	0.0044316
0.014571	0.0045083
0.014755	0.0046066
0.01494	0.0047086
0.015124	0.0048124
0.015309	0.0049132
0.015493	0.0050066
0.015677	0.0050915
0.015862	0.0051711
0.016046	0.0052541
0.016231	0.0053541
0.016415	0.0054864
0.0166	0.0056626
0.016784	0.0058844
0.016969	0.0061404
0.017153	0.0064098
0.017337	0.0067058
0.017522	0.0067208
0.017706	0.0068567
0.017891	0.0068857
0.018075	0.006875
0.01826	0.0069094
0.018444	0.0071
0.018629	0.0075434
0.018813	0.0082662
0.018997	0.0091995
0.019182	0.010201
0.019366	0.011092
0.019551	0.011691
0.019735	0.011843
0.01992	0.011463
0.020104	0.010692
0.020288	0.011887
0.020473	0.0057683
0.020657	0.008171
0.020842	0.012356
0.021026	0.017938
0.021211	0.024205
0.021395	0.030549
0.02158	0.036348
0.021764	0.040911
0.021948	0.04344
0.022133	0.042986
0.022317	0.038305
0.022502	0.027493
0.022686	0.0070201
0.022871	0.03368
0.023055	0.13448
0.02324	1
0.023424	0.40722
0.023608	0.19536
0.023793	0.12786
0.023977	0.089413
0.024162	0.062283
0.024346	0.041492
0.024531	0.025406
0.024715	0.013977
0.0249	0.0093978
0.025084	0.011768
0.025268	0.015153
0.025453	0.017293
0.025637	0.01799
0.025822	0.017494
0.026006	0.016234
0.026191	0.017097
0.026375	0.011367
0.026559	0.0098048
0.026744	0.0085926
0.026928	0.0079891
0.027113	0.0078914
0.027297	0.0080305
0.027482	0.0081641
0.027666	0.008156
0.027851	0.007965
0.028035	0.0076135
0.028219	0.0071605
0.028404	0.0066802
0.028588	0.0062432
0.028773	0.0059001
0.028957	0.0056683
0.029142	0.0055837
0.029326	0.0054332
0.029511	0.0053633
0.029695	0.0052755
0.029879	0.0051569
0.030064	0.0050088
0.030248	0.0048422
0.030433	0.0046724
0.030617	0.0045135
0.030802	0.0043741
0.030986	0.0042564
0.03117	0.0041569
0.031355	0.0040696
0.031539	0.0039878
0.031724	0.0039069
0.031908	0.0038244
0.032093	0.0037428
0.032277	0.0036551
0.032462	0.0035709
0.032646	0.0034893
0.03283	0.0034117
0.033015	0.0033385
0.033199	0.00327
0.033384	0.0032057
0.033568	0.0031448
0.033753	0.0030864
0.033937	0.0030295
0.034122	0.0029735
0.034306	0.0029183
0.03449	0.0028639
0.034675	0.0028111
0.034859	0.0027601
0.035044	0.002714
0.035228	0.0026664
0.035413	0.0026228
0.035597	0.002581
0.035782	0.0025407
0.035966	0.0025014
0.03615	0.0024631
0.036335	0.0024259
0.036519	0.0023899
0.036704	0.0023554
0.036888	0.0023223
0.037073	0.0022905
0.037257	0.00226
0.037441	0.0022306
0.037626	0.0022023
0.03781	0.0021748
0.037995	0.0021492
0.038179	0.002123
0.038364	0.0020983
0.038548	0.0020744
0.038733	0.0020512
0.038917	0.0020288
0.039101	0.002007
0.039286	0.0019858
0.03947	0.0019651
0.039655	0.001945
0.039839	0.0019254
0.040024	0.0019062
0.040208	0.0018874
0.040393	0.0018688
0.040577	0.0018507
0.040761	0.0018326
0.040946	0.001815
0.04113	0.0017975
0.041315	0.0017802
0.041499	0.0017631
0.041684	0.0017461
0.041868	0.0017293
0.042053	0.0017126
0.042237	0.001696
0.042421	0.0016793
0.042606	0.0016629
0.04279	0.0016465
0.042975	0.0016302
0.043159	0.001614
0.043344	0.0015978
0.043528	0.0015818
0.043712	0.0015657
0.043897	0.0015498
0.044081	0.0015339
0.044266	0.0015182
0.04445	0.0015025
0.044635	0.001487
0.044819	0.0014716
0.045004	0.0014563
0.045188	0.0014413
0.045372	0.0014263
0.045557	0.0014115
0.045741	0.0013969
0.045926	0.0013824
0.04611	0.0013683
0.046295	0.0013544
0.046479	0.0013408
0.046664	0.0013275
0.046848	0.0013144
0.047032	0.0013016
0.047217	0.0012892
0.047401	0.0012772
0.047586	0.0012654
0.04777	0.001254
0.047955	0.0012431
0.048139	0.0012325
0.048323	0.0012223
0.048508	0.0012125
0.048692	0.0012032
0.048877	0.0011943
0.049061	0.0011857
0.049246	0.0011777
0.04943	0.00117
0.049615	0.0011627
0.049799	0.0011558
0.049983	0.0011494
0.050168	0.0011432
0.050352	0.0011374
0.050537	0.001132
0.050721	0.0011268
0.050906	0.001122
0.05109	0.0011176
0.051275	0.0011133
0.051459	0.0011092
0.051643	0.0011053
0.051828	0.0011017
0.052012	0.001098
0.052197	0.0010946
0.052381	0.0010912
0.052566	0.0010878
0.05275	0.0010845
0.052935	0.0010813
0.053119	0.001078
0.053303	0.0010746
0.053488	0.0010712
0.053672	0.0010676
0.053857	0.0010639
0.054041	0.0010602
0.054226	0.0010563
0.05441	0.0010522
0.054594	0.0010479
0.054779	0.0010435
0.054963	0.0010388
0.055148	0.0010339
0.055332	0.0010289
0.055517	0.0010237
0.055701	0.0010183
0.055886	0.0010125
0.05607	0.0010066
0.056254	0.0010004
0.056439	0.00099401
0.056623	0.00098755
0.056808	0.00098105
0.056992	0.00097454
0.057177	0.00096792
0.057361	0.00096108
0.057546	0.00095389
0.05773	0.0009463
0.057914	0.00093834
0.058099	0.00092842
0.058283	0.00092285
0.058468	0.00091529
0.058652	0.00090833
0.058837	0.00090179
0.059021	0.00089541
0.059205	0.00088882
0.05939	0.00088167
0.059574	0.00087385
0.059759	0.00086553
0.059943	0.00085713
0.060128	0.0008493
0.060312	0.0008427
0.060497	0.00083775
0.060681	0.00083453
0.060865	0.00083262
0.06105	0.00081674
0.061234	0.00082905
0.061419	0.00082517
0.061603	0.00081875
0.061788	0.00080975
0.061972	0.00079907
0.062157	0.00078869
0.062341	0.00078124
0.062525	0.00077936
0.06271	0.00078446
0.062894	0.0007957
0.063079	0.00080972
0.063263	0.00082127
0.063448	0.00082486
0.063632	0.00081668
0.063817	0.00079784
0.064001	0.00071924
0.064185	0.00072443
0.06437	0.00071408
0.064554	0.00073263
0.064739	0.00078358
0.064923	0.00085457
0.065108	0.00092399
0.065292	0.00096871
0.065476	0.00096849
0.065661	0.000908
0.065845	0.00077792
0.06603	0.00057594
0.066214	0.00031217
0.066399	0.0001678
0.066583	0.0005623
0.066768	0.0014274
0.066952	0.0060206
0.067136	0.0013643
0.067321	0.0013844
0.067505	0.0014666
0.06769	0.001462
0.067874	0.001353
0.068059	0.0011575
0.068243	0.00094585
0.068428	0.00089456
0.068612	0.0011758
0.068796	0.0017174
0.068981	0.0024116
0.069165	0.0032417
0.06935	0.0043105
0.069534	0.0060837
0.069719	0.011726
0.069903	0.02471
0.070088	0.0032672
0.070272	0.00097817
0.070456	0.00043798
0.070641	0.00045041
0.070825	0.00047464
0.07101	0.00046977
0.071194	0.00047575
0.071379	0.00050619
0.071563	0.00054552
0.071747	0.00057251
0.071932	0.00057452
0.072116	0.00054956
0.072301	0.00050509
0.072485	0.00045975
0.07267	0.00047541
0.072854	0.00011123
0.073039	0.00027961
0.073223	0.00033356
0.073407	0.00037938
0.073592	0.00041447
0.073776	0.00043546
0.073961	0.00044231
0.074145	0.00043776
0.07433	0.00042635
0.074514	0.00041336
0.074699	0.00040344
0.074883	0.00039947
0.075067	0.0004019
0.075252	0.00040917
0.075436	0.00041891
0.075621	0.00043074
0.075805	0.00042636
0.07599	0.00043508
0.076174	0.00043797
0.076358	0.00043911
0.076543	0.00043992
0.076727	0.00044147
0.076912	0.00044436
0.077096	0.00044873
0.077281	0.00045425
0.077465	0.00046039
0.07765	0.00046661
0.077834	0.00047249
0.078018	0.00047786
0.078203	0.00048276
0.078387	0.0004874
0.078572	0.00049229
0.078756	0.00049574
0.078941	0.00050088
0.079125	0.00050587
0.07931	0.00051083
0.079494	0.00051567
0.079678	0.00052023
0.079863	0.00052444
0.080047	0.00052826
0.080232	0.00053169
0.080416	0.00053474
0.080601	0.00053746
0.080785	0.00053983
0.08097	0.00054185
0.081154	0.00054351
0.081338	0.00054479
0.081523	0.00054569
0.081707	0.000546
0.081892	0.000546
0.082076	0.0005455
0.082261	0.00054453
0.082445	0.00054308
0.082629	0.00054118
0.082814	0.00053879
0.082998	0.00053597
0.083183	0.00053271
0.083367	0.00052902
0.083552	0.00052492
0.083736	0.00052041
0.083921	0.00051555
0.084105	0.00051031
0.084289	0.00050474
0.084474	0.00049886
0.084658	0.00049274
0.084843	0.00048636
0.085027	0.0004798
0.085212	0.00047308
0.085396	0.00046626
0.085581	0.00045938
0.085765	0.00045251
0.085949	0.00044567
0.086134	0.00043894
0.086318	0.00043238
0.086503	0.00042604
0.086687	0.00041997
0.086872	0.00041427
0.087056	0.00040895
0.08724	0.00040408
0.087425	0.00039979
0.087609	0.00039603
0.087794	0.00039288
0.087978	0.0003904
0.088163	0.00038858
0.088347	0.00038748
0.088532	0.00038708
0.088716	0.00038741
0.0889	0.00038844
0.089085	0.00039016
0.089269	0.00039254
0.089454	0.00039553
0.089638	0.0003991
0.089823	0.00040319
0.090007	0.00040772
0.090192	0.00041256
0.090376	0.00041797
0.09056	0.00042352
0.090745	0.00042929
0.090929	0.00043519
0.091114	0.00044117
0.091298	0.00044717
0.091483	0.00045312
0.091667	0.00045895
0.091852	0.00046461
0.092036	0.00047006
0.09222	0.00047522
0.092405	0.00048008
0.092589	0.00048459
0.092774	0.0004887
0.092958	0.00049238
0.093143	0.0004952
0.093327	0.0004983
0.093511	0.0005005
0.093696	0.00050214
0.09388	0.00050324
0.094065	0.00050376
0.094249	0.00050372
0.094434	0.0005031
0.094618	0.00050191
0.094803	0.00050014
0.094987	0.00049783
0.095171	0.00049494
0.095356	0.00049152
0.09554	0.00048757
0.095725	0.00048311
0.095909	0.00047823
0.096094	0.00047286
0.096278	0.00046711
0.096463	0.00046103
0.096647	0.00045461
0.096831	0.00044796
0.097016	0.0004411
0.0972	0.00043409
0.097385	0.00042698
0.097569	0.00041986
0.097754	0.00041279
0.097938	0.00040584
0.098123	0.00039908
0.098307	0.00039261
0.098491	0.00038647
0.098676	0.00038077
0.09886	0.00037565
0.099045	0.00037102
0.099229	0.00036705
0.099414	0.00036376
0.099598	0.00036118
0.099782	0.00035934
0.099967	0.00035827
0.10015	0.00035797
0.10034	0.0003585
0.10052	0.00035986
0.1007	0.00036201
0.10089	0.00036494
0.10107	0.00036853
0.10126	0.0003727
0.10144	0.00037731
0.10163	0.00038227
0.10181	0.00038772
0.102	0.0003932
0.10218	0.00039902
0.10236	0.0004051
0.10255	0.00041144
0.10273	0.00041796
0.10292	0.00042461
0.1031	0.00043122
0.10329	0.00043767
0.10347	0.00044376
0.10366	0.00044939
0.10384	0.00045446
0.10402	0.000459
0.10421	0.0004631
0.10439	0.000467
0.10458	0.00047083
0.10476	0.00047555
0.10495	0.00047978
0.10513	0.00048425
0.10532	0.00048839
0.1055	0.00049162
0.10568	0.00049339
0.10587	0.00049339
0.10605	0.00049171
0.10624	0.00048902
0.10642	0.0004864
0.10661	0.00048514
0.10679	0.00048633
0.10698	0.00049031
0.10716	0.00049647
0.10734	0.00050336
0.10753	0.00051024
0.10771	0.00050593
0.1079	0.00050338
0.10808	0.00049431
0.10827	0.00048128
0.10845	0.00046771
0.10864	0.00045836
0.10882	0.00045796
0.109	0.0004692
0.10919	0.00049106
0.10937	0.00051887
0.10956	0.00054603
0.10974	0.00056618
0.10993	0.00057542
0.11011	0.00057589
0.1103	0.00058881
0.11048	0.00083942
0.11066	0.0002582
0.11085	0.00037237
0.11103	0.00048563
0.11122	0.00062193
0.1114	0.00076711
0.11159	0.00090102
0.11177	0.0010036
0.11196	0.0010556
0.11214	0.0010384
0.11232	0.0009332
0.11251	0.00072008
0.11269	0.00038652
0.11288	0.00036971
0.11306	0.0013371
0.11325	0.0036378
0.11343	0.018868
0.11362	0.0099581
0.1138	0.004127
0.11398	0.0024624
0.11417	0.0015909
0.11435	0.0010275
0.11454	0.00062933
0.11472	0.00033748
0.11491	0.00012077
0.11509	4.1747e-05
0.11528	0.00015977
0.11546	0.00024322
0.11564	0.00029405
0.11583	0.00030835
0.11601	0.00026931
0.1162	0.00011404
0.11638	0.00164
0.11657	0.0010788
0.11675	0.00066273
0.11694	0.0004997
0.11712	0.00038786
0.1173	0.00030452
0.11749	0.00025269
0.11767	0.00023715
0.11786	0.00024972
0.11804	0.00027336
0.11823	0.00029498
0.11841	0.00030841
0.1186	0.00031233
0.11878	0.00030834
0.11896	0.00029966
0.11915	0.0002904
0.11933	0.00029822
0.11952	0.00027274
0.1197	0.00027294
0.11989	0.00027434
0.12007	0.0002759
0.12026	0.00027636
0.12044	0.00027505
0.12062	0.00027198
0.12081	0.00026763
0.12099	0.00026267
0.12118	0.00025769
0.12136	0.00025313
0.12155	0.00024913
0.12173	0.0002457
0.12192	0.00024272
0.1221	0.00024008
0.12228	0.00023931
0.12247	0.00023503
0.12265	0.00023287
0.12284	0.00023082
0.12302	0.00022905
0.12321	0.00022767
0.12339	0.00022686
0.12358	0.00022677
0.12376	0.00022746
0.12394	0.00022893
0.12413	0.00023113
0.12431	0.00023397
0.1245	0.00023733
0.12468	0.00024118
0.12487	0.00024552
0.12505	0.00025032
0.12524	0.00025599
0.12542	0.00026131
0.1256	0.00026738
0.12579	0.00027368
0.12597	0.00028013
0.12616	0.00028663
0.12634	0.00029309
0.12653	0.00029946
0.12671	0.00030569
0.1269	0.00031173
0.12708	0.00031754
0.12726	0.00032305
0.12745	0.00032819
0.12763	0.00033291
0.12782	0.00033716
0.128	0.00034089
0.12819	0.00034422
0.12837	0.00034673
0.12856	0.00034875
0.12874	0.00035015
0.12892	0.00035089
0.12911	0.00035098
0.12929	0.00035038
0.12948	0.00034912
0.12966	0.00034718
0.12985	0.0003446
0.13003	0.00034138
0.13022	0.00033756
0.1304	0.00033317
0.13058	0.00032822
0.13077	0.0003228
0.13095	0.00031696
0.13114	0.00031079
0.13132	0.0003043
0.13151	0.00029766
0.13169	0.00029095
0.13188	0.00028429
0.13206	0.00027779
0.13224	0.0002716
0.13243	0.00026586
0.13261	0.00026072
0.1328	0.00025632
0.13298	0.00025279
0.13317	0.00025029
0.13335	0.00024887
0.13354	0.00024861
0.13372	0.00024957
0.1339	0.0002518
0.13409	0.00025516
0.13427	0.00025961
0.13446	0.00026509
0.13464	0.00027146
0.13483	0.00027856
0.13501	0.00028624
0.1352	0.00029434
0.13538	0.0003027
0.13556	0.00031119
0.13575	0.00031964
0.13593	0.00032795
0.13612	0.00033599
0.1363	0.00034365
0.13649	0.00035086
0.13667	0.00035764
0.13686	0.00036277
0.13704	0.00036824
0.13722	0.00037262
0.13741	0.00037608
0.13759	0.00037859
0.13778	0.00038014
0.13796	0.00038068
0.13815	0.00038022
0.13833	0.00037877
0.13852	0.00037633
0.1387	0.00037294
0.13888	0.00036866
0.13907	0.00036353
0.13925	0.00035768
0.13944	0.00035119
0.13962	0.00034424
0.13981	0.00033669
0.13999	0.00032921
0.14018	0.00032172
0.14036	0.0003145
0.14054	0.00030781
0.14073	0.00030195
0.14091	0.00029723
0.1411	0.00029394
0.14128	0.00029238
0.14147	0.00029277
0.14165	0.00029527
0.14183	0.00029999
0.14202	0.00030692
0.1422	0.00031597
0.14239	0.00032701
0.14257	0.00033982
0.14276	0.00035413
0.14294	0.0003697
0.14313	0.00038622
0.14331	0.0004034
0.14349	0.00042096
0.14368	0.00043864
0.14386	0.00045618
0.14405	0.00047334
0.14423	0.00048989
0.14442	0.00050562
0.1446	0.00052031
0.14479	0.00053377
0.14497	0.00054579
0.14515	0.0005562
0.14534	0.00056479
0.14552	0.00057153
0.14571	0.00057612
0.14589	0.00057855
0.14608	0.00057867
0.14626	0.0005764
0.14645	0.00057162
0.14663	0.00056425
0.14681	0.0005542
0.147	0.0005414
0.14718	0.00052581
0.14737	0.00050742
0.14755	0.00048628
0.14774	0.00046249
0.14792	0.00043625
0.14811	0.00040781
0.14829	0.00037774
0.14847	0.00034583
0.14866	0.00031366
0.14884	0.00028203
0.14903	0.0002528
0.14921	0.00022878
0.1494	0.000214
0.14958	0.00021284
0.14977	0.00022783
0.14995	0.00025822
0.15013	0.00030098
0.15032	0.00035279
0.1505	0.00041098
0.15069	0.00047366
0.15087	0.00053953
0.15106	0.00060785
0.15124	0.00068182
0.15143	0.00074934
0.15161	0.00082348
0.15179	0.00089971
0.15198	0.0009781
0.15216	0.0010583
0.15235	0.0011395
0.15253	0.0012203
0.15272	0.0012989
0.1529	0.0013738
0.15309	0.0014436
0.15327	0.0015084
0.15345	0.0015694
0.15364	0.0016289
0.15382	0.0016902
0.15401	0.0017559
0.15419	0.0018849
0.15438	0.0019034
0.15456	0.0019755
0.15475	0.0020373
0.15493	0.0020794
0.15511	0.0020943
0.1553	0.0020787
0.15548	0.0020371
0.15567	0.0019845
0.15585	0.0019473
0.15604	0.0019591
0.15622	0.0020484
0.15641	0.0022245
0.15659	0.0024763
0.15677	0.0027917
0.15696	0.0032362
0.15714	0.00067264
0.15733	0.0032999
0.15751	0.0038726
0.1577	0.0045733
0.15788	0.0055473
0.15807	0.0068592
0.15825	0.0085227
0.15843	0.010516
0.15862	0.012801
0.1588	0.015336
0.15899	0.018092
0.15917	0.021094
0.15936	0.024499
0.15954	0.028832
0.15973	0.036017
0.15991	0.057844
0.16009	0.14988
0.16028	0.0081657
0.16046	0.0053527
0.16065	0.0081998
0.16083	0.0090075
0.16102	0.0087537
0.1612	0.0079301
0.16139	0.0068257
0.16157	0.0056472
0.16175	0.0045652
0.16194	0.0037306
0.16212	0.0032518
0.16231	0.0031273
0.16249	0.0032365
0.16268	0.0034671
0.16286	0.0040135
0.16305	0.0010159
0.16323	0.0025028
0.16341	0.0025094
0.1636	0.0023402
0.16378	0.0021172
0.16397	0.001891
0.16415	0.0016914
0.16434	0.0015316
0.16452	0.0014102
0.16471	0.0013149
0.16489	0.0012298
0.16507	0.0011422
0.16526	0.0010458
0.16544	0.00093988
0.16563	0.0008287
0.16581	0.00072056
0.166	0.00060593
0.16618	0.00051985
0.16637	0.00044761
0.16655	0.00039327
0.16673	0.00035604
0.16692	0.00033422
0.1671	0.00032653
0.16729	0.00033234
0.16747	0.00035066
0.16766	0.00037934
0.16784	0.00041523
0.16803	0.00045504
0.16821	0.00049593
0.16839	0.00053588
0.16858	0.00057371
0.16876	0.00060983
0.16895	0.00063515
0.16913	0.0006651
0.16932	0.00068983
0.1695	0.00071093
0.16969	0.00072863
0.16987	0.00074303
0.17005	0.00075422
0.17024	0.00076227
0.17042	0.00076727
0.17061	0.00076924
0.17079	0.00076824
0.17098	0.00076432
0.17116	0.00075756
0.17135	0.0007481
0.17153	0.00073612
0.17171	0.00072182
0.1719	0.00070539
0.17208	0.00068711
0.17227	0.00066711
0.17245	0.00064557
0.17264	0.00062263
0.17282	0.00059844
0.17301	0.00057318
0.17319	0.00054705
0.17337	0.00052028
0.17356	0.00049315
0.17374	0.00046592
0.17393	0.00043887
0.17411	0.00041228
0.1743	0.00038644
0.17448	0.00036169
0.17467	0.00033833
0.17485	0.00031701
0.17503	0.00029779
0.17522	0.0002813
0.1754	0.00026792
0.17559	0.00025796
0.17577	0.0002516
0.17596	0.00024884
0.17614	0.00024947
0.17633	0.00025315
0.17651	0.00025939
0.17669	0.00026764
0.17688	0.00027739
0.17706	0.00028813
0.17725	0.00029941
0.17743	0.00031089
0.17762	0.00032223
0.1778	0.00033322
0.17799	0.00034361
0.17817	0.0003533
0.17835	0.00036211
0.17854	0.00036999
0.17872	0.00037684
0.17891	0.00038261
0.17909	0.00038728
0.17928	0.00039081
0.17946	0.00039323
0.17965	0.00039451
0.17983	0.00039471
0.18001	0.00039382
0.1802	0.0003919
0.18038	0.00038906
0.18057	0.00038513
0.18075	0.0003804
0.18094	0.00037485
0.18112	0.00036859
0.18131	0.00036166
0.18149	0.00035415
0.18167	0.00034615
0.18186	0.00033774
0.18204	0.00032902
0.18223	0.00032009
0.18241	0.00031104
0.1826	0.000302
0.18278	0.00029308
0.18297	0.00028442
0.18315	0.00027612
0.18333	0.00026957
0.18352	0.00026084
0.1837	0.00025429
0.18389	0.00024846
0.18407	0.00024346
0.18426	0.00023931
0.18444	0.00023606
0.18463	0.0002337
0.18481	0.00023224
0.18499	0.0002316
0.18518	0.00023179
0.18536	0.00023266
0.18555	0.00023417
0.18573	0.00023622
0.18592	0.00023869
0.1861	0.00024148
0.18629	0.0002445
0.18647	0.00024764
0.18665	0.00025081
0.18684	0.00025392
0.18702	0.00025692
0.18721	0.00025973
0.18739	0.0002623
0.18758	0.00026459
0.18776	0.00026657
0.18795	0.00026819
0.18813	0.00026944
0.18831	0.00027029
0.1885	0.00027075
0.18868	0.0002708
0.18887	0.00027043
0.18905	0.00026969
0.18924	0.00026854
0.18942	0.00026704
0.18961	0.00026519
0.18979	0.00026301
0.18997	0.00026053
0.19016	0.00025777
0.19034	0.00025478
0.19053	0.00025159
0.19071	0.00024823
0.1909	0.00024474
0.19108	0.00024117
0.19127	0.00023756
0.19145	0.00023394
0.19163	0.00023035
0.19182	0.00022681
0.192	0.00022345
0.19219	0.00022016
0.19237	0.00021708
0.19256	0.00021421
0.19274	0.00021157
0.19293	0.0002092
0.19311	0.0002071
0.19329	0.00020529
0.19348	0.00020377
0.19366	0.00020255
0.19385	0.0002016
0.19403	0.00020092
0.19422	0.00020046
0.1944	0.00020021
0.19459	0.00020015
0.19477	0.00020028
0.19495	0.00020068
0.19514	0.00020116
0.19532	0.0002018
0.19551	0.00020255
0.19569	0.00020327
0.19588	0.00020391
0.19606	0.00020438
0.19625	0.0002047
0.19643	0.00020486
0.19661	0.00020499
0.1968	0.00020519
0.19698	0.0002055
0.19717	0.00020596
0.19735	0.00020645
0.19754	0.00020683
0.19772	0.00020703
0.1979	0.00020539
0.19809	0.00020442
0.19827	0.00020244
0.19846	0.00019996
0.19864	0.00019734
0.19883	0.00019507
0.19901	0.00019359
0.1992	0.00019311
0.19938	0.00019351
0.19956	0.00019424
0.19975	0.00019447
0.19993	0.00019323
0.20012	0.00018979
