-0.5792	-0.77655
-0.56846	-1.1272
-0.54461	-0.67716
-0.51096	-0.74984
-0.47205	-0.633
-0.43314	-0.62744
-0.39949	-0.61344
-0.37564	-0.60226
-0.3649	-0.60387
-0.3649	-0.60387
-0.35416	-0.5988
-0.33031	-0.59238
-0.29666	-0.58302
-0.25775	-0.57847
-0.21884	-0.57165
-0.18519	-0.56982
-0.16134	-0.56502
-0.1506	-0.56569
-0.1506	-0.56569
-0.13985	-0.56375
-0.11599	-0.56148
-0.082326	-0.55772
-0.0434	-0.55442
-0.004474	-0.55082
0.029194	-0.54851
0.053054	-0.54651
0.0638	-0.54597
0.0638	-0.54597
0.074541	-0.5454
0.098389	-0.54385
0.13204	-0.54234
0.17095	-0.54072
0.20986	-0.53977
0.24351	-0.53897
0.26736	-0.5387
0.2781	-0.53804
0.2781	-0.53804
0.28884	-0.53944
0.31269	-0.53804
0.34634	-0.54004
0.38525	-0.54193
0.42416	-0.55502
0.45781	-0.577
0.48166	-0.58628
0.4924	-0.83666
0.4924	-0.83666
0.4849	-0.94146
0.46824	-0.84423
0.44473	-0.75399
0.41755	-0.80192
0.39037	-0.73469
0.36686	-0.75652
0.3502	-0.73778
0.3427	-0.74537
