0.3427	-0.74537
0.3352	-0.7424
0.31855	-0.73768
0.29506	-0.73225
0.2679	-0.72475
0.24074	-0.71784
0.21725	-0.71049
0.2006	-0.70589
0.1931	-0.70321
0.1931	-0.70321
0.1856	-0.70095
0.16894	-0.69549
0.14543	-0.68773
0.11825	-0.67863
0.091071	-0.67
0.067563	-0.66308
0.050903	-0.65869
0.0434	-0.65679
0.0434	-0.65679
0.035897	-0.65504
0.019237	-0.65154
-0.004271	-0.64734
-0.03145	-0.64395
-0.058629	-0.64182
-0.082137	-0.64113
-0.098797	-0.641
-0.1063	-0.64109
-0.1063	-0.64109
-0.1138	-0.64089
-0.13045	-0.64198
-0.15394	-0.64258
-0.1811	-0.64534
-0.20826	-0.64797
-0.23175	-0.6513
-0.2484	-0.65457
-0.2559	-0.65657
-0.2559	-0.65657
-0.2634	-0.65564
-0.28006	-0.66129
-0.30357	-0.6709
-0.33075	-0.678
-0.35793	-0.73347
-0.38144	-0.7091
-0.3981	-1.0277
-0.4056	-0.73112
