0.1	0.14	0.0018538	0.0025165	0	0.0016056	13.49	0.14828	397.38	20	-3.5506	-3.2704
0.1	0.16	0.0018635	0.0025165	0	0.0017752	13.186	0.1454	397.38	20	-3.9021	-3.3475
0.1	0.18	0.0018791	0.0025165	0	0.001934	12.9	0.14296	397.38	20	-3.9507	-3.4505
0.1	0.2	0.0018911	0.0025165	0	0.002082	12.579	0.14025	397.38	20	-3.9034	-3.4001
0.1	0.22	0.0019068	0.0025165	0	0.0022176	12.278	0.13789	397.38	20	-6.4254	-4.3677
0.1	0.24	0.0019224	0.0025165	0	0.0023413	11.99	0.13548	397.38	20	-3.4137	-2.6801
0.1	0.26	0.001936	0.0025165	0	0.0024558	11.694	0.13307	397.38	20	-6.8758	-3.3572
0.1	0.28	0.0019533	0.0025165	0	0.0025581	11.403	0.13055	397.38	20	-6.3201	-3.757
0.1	0.3	0.0019703	0.0025165	0	0.0026515	11.116	0.12842	397.38	20	-4.4439	-3.4988
0.1	0.32	0.0019853	0.0025165	0.00022153	0.0027364	10.832	0.1262	397.38	20	-4.1441	-3.3652
0.1	0.34	0.0020034	0.0025165	0.0006646	0.0028077	10.547	0.12354	397.38	20	-6.4366	-3.9273
0.1	0.36	0.0020232	0.0025165	0.00090645	0.0028771	10.267	0.12176	397.38	20	-6.5387	-2.7814
0.1	0.38	0.0020425	0.0025165	0.0010904	0.0029334	9.9901	0.11956	397.38	20	-3.9067	-3.4697
0.1	0.4	0.0020604	0.0025165	0.0012424	0.0029837	9.7144	0.11757	397.38	20	-5.538	-3.5357
0.1	0.42	0.0020799	0.0025165	0.0013731	0.003023	9.4409	0.1156	397.38	20	-5.4015	-3.3135
0.1	0.44	0.002101	0.0025165	0.0014882	0.0030523	9.1702	0.11347	397.38	20	-6.6673	-3.4553
0.1	0.46	0.0021221	0.0025165	0.0015911	0.0030765	8.9042	0.11177	397.38	20	-4.4979	-4.1311
0.1	0.48	0.0021434	0.0025165	0.0016839	0.0030909	8.6419	0.10959	397.38	20	-6.5497	-3.761
0.1	0.5	0.0021646	0.0025165	0.0017683	0.0030946	8.3842	0.10768	397.38	20	-4.3893	-3.4694
0.1	0.52	0.0021867	0.0025165	0.0018454	0.0030956	8.1209	0.1059	397.38	20	-6.503	-3.4881
0.1	0.54	0.0022066	0.0025165	0.0019161	0.003076	7.8635	0.10362	397.38	20	-6.9348	-4.1654
0.1	0.56	0.0022268	0.0025165	0.0019811	0.0030527	7.6068	0.10155	397.38	20	-6.9272	-3.4455
0.1	0.58	0.002248	0.0025165	0.0020409	0.0030276	7.3652	0.099789	397.38	20	-4.1415	-3.3417
0.1	0.6	0.0022684	0.0025165	0.002096	0.0029871	7.1275	0.097881	397.38	20	-4.046	-3.2376
0.1	0.62	0.0022885	0.0025165	0.0021467	0.002936	6.8804	0.095284	397.38	20	-4.6652	-4.2323
0.1	0.64	0.0023117	0.0025165	0.0021934	0.0028799	6.6264	0.09303	397.38	20	-4.9414	-5.0653
0.1	0.66	0.0023301	0.0025165	0.0022363	0.0028094	6.384	0.090672	397.38	20	-6.0717	-3.5491
0.1	0.68	0.0023517	0.0025165	0.0022756	0.0027359	6.1499	0.088414	397.38	20	-4.2307	-3.4702
0.1	0.7	0.0023684	0.0025165	0.0023115	0.0026509	5.9099	0.085894	397.38	20	-3.8901	-3.3067
0.1	0.72	0.002387	0.0025165	0.0023442	0.002558	5.6733	0.083403	397.38	20	-3.5136	-3.6136
0.1	0.74	0.0024065	0.0025165	0.0023737	0.0024529	5.4269	0.080556	397.38	20	-6.8121	-4.4496
0.1	0.76	0.0024227	0.0025165	0.0024002	0.0023384	5.1876	0.077872	397.38	20	-7.2198	-3.9022
0.1	0.78	0.0024358	0.0025165	0.0024238	0.0022134	4.9532	0.074914	397.38	20	-3.1431	-3.2431
0.1	0.8	0.0024531	0.0025165	0.0024447	0.002078	4.6999	0.071688	397.38	20	-5.7861	-3.8982
