0.1	0.14	0.00074049	0.0010066	0	0.0016037	33.757	0.14826	993.46	50	-5.1938	-4.9474
0.1	0.16	0.00074471	0.0010066	0	0.0017753	32.968	0.1454	993.46	50	-6.2845	-8.8645
0.1	0.18	0.00075132	0.0010066	0	0.0019344	32.233	0.14299	993.46	50	-3.4912	-3.5565
0.1	0.2	0.00075744	0.0010066	0	0.0020827	31.498	0.14043	993.46	50	-6.2511	-7.2463
0.1	0.22	0.00076269	0.0010066	0	0.0022167	30.707	0.13774	993.46	50	-3.6609	-4.8857
0.1	0.24	0.0007676	0.0010066	0	0.0023413	29.969	0.13533	993.46	50	-7.9121	-7.4777
0.1	0.26	0.00077465	0.0010066	0	0.0024552	29.239	0.13291	993.46	50	-6.285	-8.023
0.1	0.28	0.00078223	0.0010066	0	0.0025597	28.515	0.13074	993.46	50	-4.1158	-4.5791
0.1	0.3	0.00078772	0.0010066	0	0.0026562	27.793	0.12843	993.46	50	-6.2815	-7.7262
0.1	0.32	0.00079367	0.0010066	8.8614e-05	0.0027382	27.097	0.12582	993.46	50	-7.4306	-3.6344
0.1	0.34	0.00080256	0.0010066	0.00026584	0.0028078	26.368	0.12354	993.46	50	-12.679	-8.3988
0.1	0.36	0.00080932	0.0010066	0.00036258	0.0028771	25.669	0.12176	993.46	50	-12.256	-7.8718
0.1	0.38	0.00081571	0.0010066	0.00043615	0.002933	24.978	0.11959	993.46	50	-3.9677	-5.0075
0.1	0.4	0.00082516	0.0010066	0.00049696	0.0029828	24.286	0.11758	993.46	50	-6.2987	-4.6871
0.1	0.42	0.00083296	0.0010066	0.00054926	0.0030259	23.602	0.11564	993.46	50	-12.384	-7.5021
0.1	0.44	0.00083989	0.0010066	0.00059529	0.0030522	22.898	0.11341	993.46	50	-12.042	-7.262
0.1	0.46	0.00085005	0.0010066	0.00063642	0.0030793	22.259	0.11177	993.46	50	-11.774	-7.5387
0.1	0.48	0.00085748	0.0010066	0.00067355	0.0030941	21.603	0.10987	993.46	50	-6.3022	-7.5797
0.1	0.5	0.00086482	0.0010066	0.0007073	0.0030953	20.952	0.1079	993.46	50	-3.6468	-3.5869
0.1	0.52	0.00087503	0.0010066	0.00073814	0.0030905	20.311	0.10573	993.46	50	-10.346	-5.0492
0.1	0.54	0.00088225	0.0010066	0.00076643	0.0030771	19.672	0.10367	993.46	50	-7.01	-4.4811
0.1	0.56	0.00089079	0.0010066	0.00079243	0.0030613	19.026	0.10196	993.46	50	-13.524	-7.4657
0.1	0.58	0.00090063	0.0010066	0.00081636	0.003026	18.41	0.099582	993.46	50	-13.155	-7.4487
0.1	0.6	0.00090764	0.0010066	0.0008384	0.0029869	17.793	0.097884	993.46	50	-3.8611	-4.0567
0.1	0.62	0.00091511	0.0010066	0.0008587	0.0029372	17.2	0.095315	993.46	50	-4.337	-3.7543
0.1	0.64	0.00092542	0.0010066	0.00087738	0.0028784	16.565	0.093016	993.46	50	-6.2729	-8.2533
0.1	0.66	0.00093129	0.0010066	0.00089453	0.0028094	15.96	0.090672	993.46	50	-7.1952	-4.0409
0.1	0.68	0.00094004	0.0010066	0.00091025	0.002736	15.369	0.088393	993.46	50	-3.885	-3.986
0.1	0.7	0.00094921	0.0010066	0.00092461	0.0026514	14.779	0.085887	993.46	50	-3.6596	-3.9752
0.1	0.72	0.000955	0.0010066	0.00093766	0.0025575	14.181	0.083322	993.46	50	-4.5218	-4.5157
0.1	0.74	0.00096191	0.0010066	0.00094948	0.0024529	13.567	0.080556	993.46	50	-13.027	-8.1219
0.1	0.76	0.00097014	0.0010066	0.00096009	0.0023384	12.969	0.077872	993.46	50	-13.1	-7.9697
0.1	0.78	0.00097574	0.0010066	0.00096954	0.002215	12.383	0.074979	993.46	50	-4.1127	-4.0277
0.1	0.8	0.00098034	0.0010066	0.00097786	0.002078	11.75	0.071688	993.46	50	-5.1311	-3.8739
