20000	0.5	0.01933	0.019337	0.019337	0.020061	2.3326	0.28334	51.715	1164	-3.4666	-3.3067
20000	0.52	0.01933	0.019337	0.019337	0.020777	2.3278	0.28275	51.715	1164	-3.4298	-3.3068
20000	0.54	0.01933	0.019337	0.019337	0.021485	2.3229	0.28215	51.715	1164	-3.3676	-3.3072
20000	0.56	0.01933	0.019337	0.019337	0.022183	2.3178	0.28154	51.715	1164	-3.3067	-3.307
20000	0.58	0.01933	0.019337	0.019337	0.022872	2.3125	0.2809	51.715	1164	-3.2534	-3.3069
20000	0.6	0.01933	0.019337	0.019337	0.023552	2.3072	0.28026	51.715	1164	-3.1918	-3.3069
20000	0.62	0.01933	0.019337	0.019337	0.024222	2.3017	0.27959	51.715	1164	-3.1303	-3.3067
20000	0.64	0.01933	0.019337	0.019337	0.024882	2.2961	0.27891	51.715	1164	-3.0775	-3.3065
20000	0.66	0.01933	0.019337	0.019337	0.025529	2.2903	0.27821	51.715	1164	-2.9939	-3.3066
20000	0.68	0.01933	0.019337	0.019337	0.026166	2.2843	0.27748	51.715	1164	-2.9351	-3.3066
20000	0.7	0.01933	0.019337	0.019337	0.026791	2.2781	0.27674	51.715	1164	-2.8734	-3.3069
20000	0.72	0.01933	0.019337	0.019337	0.027403	2.2718	0.27596	51.715	1164	-2.806	-3.3068
20000	0.74	0.01933	0.019337	0.019337	0.028001	2.2651	0.27516	51.715	1164	-2.7451	-3.3067
20000	0.76	0.01933	0.019337	0.019337	0.028584	2.2583	0.27434	51.715	1164	-2.6759	-3.3064
20000	0.78	0.01933	0.019337	0.019337	0.029153	2.2513	0.27349	51.715	1164	-2.6126	-3.3067
20000	0.8	0.01933	0.019337	0.019337	0.029705	2.244	0.2726	51.715	1164	-2.5454	-3.3068
20000	0.82	0.01933	0.019337	0.019337	0.030239	2.2362	0.27166	51.715	1164	-2.4725	-3.3066
20000	0.84	0.01933	0.019337	0.019337	0.030754	2.2282	0.27068	51.715	1164	-2.4035	-3.306
20000	0.86	0.01933	0.019337	0.019337	0.031247	2.2199	0.26969	51.715	1164	-2.3292	-3.3059
20000	0.88	0.01933	0.019337	0.019337	0.031719	2.2112	0.26862	51.715	1164	-2.2557	-3.3061
20000	0.9	0.01933	0.019337	0.019337	0.032165	2.2017	0.26748	51.715	1164	-2.1791	-3.305
20000	0.92	0.01933	0.019337	0.019337	0.032588	2.1924	0.26634	51.715	1164	-2.1096	-3.3041
20000	0.94	0.01933	0.019337	0.019337	0.033002	2.1827	0.26517	51.715	1164	-2.0643	-3.2958
20000	0.96	0.01933	0.019337	0.019337	0.033374	2.1722	0.2639	51.715	1164	-1.9907	-3.2963
20000	0.98	0.01933	0.019337	0.019337	0.033682	2.1609	0.26254	51.715	1164	-1.8827	-3.3029
20000	1	0.01933	0.019337	0.019337	0.033936	2.1485	0.26104	51.715	1164	-1.7751	-3.3062
20000	1.02	0.01933	0.019337	0.019337	0.034126	2.135	0.2594	51.715	1164	-1.6779	-3.3064
20000	1.04	0.01933	0.019337	0.019337	0.034241	2.1204	0.25763	51.715	1164	-1.5762	-3.3065
20000	1.06	0.01933	0.019337	0.019337	0.034259	2.1044	0.2557	51.715	1164	-1.4701	-3.3064
20000	1.08	0.01933	0.019337	0.019337	0.034164	2.0875	0.25365	51.715	1164	-1.3503	-3.3068
20000	1.1	0.01933	0.019337	0.019337	0.033907	2.0686	0.25136	51.715	1164	-1.2322	-3.3068
20000	0.7	0.01933	0.019337	0.019337	0.0062647	1.1243	0.13668	51.715	1164	-1.0776	-3.3064
20000	0.72	0.01933	0.019337	0.019337	0.0061339	1.0906	0.13256	51.715	1164	-1.2056	-3.3064
20000	0.74	0.01933	0.019337	0.019337	0.0060087	1.0591	0.12871	51.715	1164	-1.3823	-3.3064
20000	0.76	0.01933	0.019337	0.019337	0.005888	1.0295	0.1251	51.715	1164	-1.6763	-3.3064
20000	0.78	0.01933	0.019337	0.019337	0.0057709	1.0015	0.12168	51.715	1164	-3.0082	-3.3064
20000	0.8	0.01933	0.019337	0.019337	0.0056566	0.98371	0.11952	51.715	1164	-1.7237	-3.3063
20000	0.82	0.01933	0.019337	0.019337	0.0055448	0.96677	0.11747	51.715	1164	-1.413	-3.3063
20000	0.84	0.01933	0.019337	0.019337	0.0054347	0.95023	0.11547	51.715	1164	-1.2342	-3.3062
20000	0.86	0.01933	0.019337	0.019337	0.0053263	0.93406	0.11351	51.715	1164	-1.1078	-3.3062
20000	0.88	0.01933	0.019337	0.019337	0.005219	0.91825	0.1116	51.715	1164	-1.0097	-3.3061
20000	0.9	0.01933	0.019337	0.019337	0.0051129	0.90277	0.10972	51.715	1164	-0.92926	-3.3061
20000	0.92	0.01933	0.019337	0.019337	0.0050076	0.88761	0.10789	51.715	1164	-0.86083	-3.306
20000	0.94	0.01933	0.019337	0.019337	0.0049031	0.87276	0.10609	51.715	1164	-0.80108	-3.306
20000	0.96	0.01933	0.019337	0.019337	0.0047993	0.85819	0.10432	51.715	1164	-0.74787	-3.3059
20000	0.98	0.01933	0.019337	0.019337	0.0046961	0.84389	0.10259	51.715	1164	-0.69976	-3.3058
20000	1	0.01933	0.019337	0.019337	0.0045934	0.82986	0.10089	51.715	1164	-0.65572	-3.3058
20000	1.02	0.01933	0.019337	0.019337	0.0044913	0.81609	0.099223	51.715	1164	-0.61499	-3.3057
20000	1.04	0.01933	0.019337	0.019337	0.0043898	0.80255	0.097583	51.715	1164	-0.57701	-3.3057
20000	1.06	0.01933	0.019337	0.019337	0.0042888	0.78925	0.095971	51.715	1164	-0.54132	-3.3057
20000	1.08	0.01933	0.019337	0.019337	0.0041885	0.77618	0.094387	51.715	1164	-0.5076	-3.3056
20000	1.1	0.01933	0.019337	0.019337	0.0040887	0.76332	0.092829	51.715	1164	-0.47553	-3.3056
20000	1.12	0.01933	0.019337	0.019337	0.0039895	0.75067	0.091296	51.715	1164	-0.44494	-3.3056
20000	1.14	0.01933	0.019337	0.019337	0.0038911	0.73822	0.089787	51.715	1164	-0.41562	-3.3055
20000	1.16	0.01933	0.019337	0.019337	0.0037934	0.72598	0.088303	51.715	1164	-0.38742	-3.3055
20000	1.18	0.01933	0.019337	0.019337	0.0036964	0.71392	0.086841	51.715	1164	-0.3602	-3.3055
20000	1.2	0.01933	0.019337	0.019337	0.0036003	0.70204	0.085402	51.715	1164	-0.33387	-3.3055
20000	1.22	0.01933	0.019337	0.019337	0.0035051	0.69035	0.083985	51.715	1164	-0.30832	-3.3055
20000	1.24	0.01933	0.019337	0.019337	0.0034108	0.67884	0.082589	51.715	1164	-0.28349	-3.3055
20000	1.26	0.01933	0.019337	0.019337	0.0033176	0.66749	0.081214	51.715	1164	-0.25929	-3.3055
20000	1.28	0.01933	0.019337	0.019337	0.0032254	0.65631	0.079859	51.715	1164	-0.23567	-3.3055
20000	1.3	0.01933	0.019337	0.019337	0.0031343	0.6453	0.078524	51.715	1164	-0.21258	-3.3055
20000	1.32	0.01933	0.019337	0.019337	0.0030444	0.63445	0.077208	51.715	1164	-0.18998	-3.3056
20000	1.34	0.01933	0.019337	0.019337	0.0029557	0.62375	0.075912	51.715	1164	-0.16782	-3.3056
20000	1.36	0.01933	0.019337	0.019337	0.0028683	0.61321	0.074633	51.715	1164	-0.14606	-3.3056
20000	1.38	0.01933	0.019337	0.019337	0.0027822	0.60282	0.073374	51.715	1164	-0.12469	-3.3057
20000	1.4	0.01933	0.019337	0.019337	0.0026975	0.59257	0.072132	51.715	1164	-0.10367	-3.3057
